2.804831424038679161e-02
3.116248652080005552e-02
3.463314975741895591e-02
3.847665977500284995e-02
4.269284900276832523e-02
4.725478931195550847e-02
5.210227265173222877e-02
5.714300973508516096e-02
6.226296686471077813e-02
6.734365427978776519e-02
7.228142458323648378e-02
7.700335165942408244e-02
8.147613750491533580e-02
8.570746271489111667e-02
8.974140349169575093e-02
9.364973369452055107e-02
9.751932498744503297e-02
1.014340833115203316e-01
1.054499890602057510e-01
1.095649564146465443e-01
1.136905433575258473e-01
1.176372588917245637e-01
1.211258762860854682e-01
1.238315498293630912e-01
1.254562676064609195e-01
1.258120738919532577e-01
1.248883021407159732e-01
1.228759459840077228e-01
1.201332396444051293e-01
1.170958184459779533e-01
1.141556505490989998e-01
1.115468790498453655e-01
1.092774114301912902e-01
1.071311608666822845e-01
1.047418734377415506e-01
1.017144263293310175e-01
9.775306938677005841e-02
9.275468719601730194e-02
8.683908488073022180e-02
8.031163831474621984e-02
7.357686077570742278e-02
6.703553569224796060e-02
6.099847960367915656e-02
5.563833403376822889e-02
5.098364996714026959e-02
4.694507500069987349e-02
4.335735549526087418e-02
4.002376660910285378e-02
3.675726797667072665e-02
3.341885265460935173e-02
2.995368508516565650e-02
2.641977078343726859e-02
2.299684930455511006e-02
1.996168565995411204e-02
1.762435631203673400e-02
1.623715074788528376e-02
1.590585555604860993e-02
1.654204198563702724e-02
1.788670992616209557e-02
1.961002831162533822e-02
2.145801012618079456e-02
2.339001070969335544e-02
2.564548058521867041e-02
2.870071481815696102e-02
3.312004757889912276e-02
3.935345269109290223e-02
4.756220582667445435e-02
5.755044991690530520e-02
6.884151645024094712e-02
8.087815143094240211e-02
9.327054726284662867e-02
1.059902817038932965e-01
1.194251934767852213e-01
1.342647209431286071e-01
1.512551638134796983e-01
1.709199106425735859e-01
1.933565733220179717e-01
2.181932718208934030e-01
2.447222625597849921e-01
2.721577899284201574e-01
2.999164197263748388e-01
3.278118748847148045e-01
3.560936487799200578e-01
3.853221267936939309e-01
4.161352154592446451e-01
4.489974504883728623e-01
4.840200595684436280e-01
5.209044961676791985e-01
5.590109974010568639e-01
5.975102575292100537e-01
6.355565773106034433e-01
6.724284344066575603e-01
7.076084379530130919e-01
7.408036821763154256e-01
7.719259663923606629e-01
8.010536638008097787e-01
8.283872094188762247e-01
8.541981827301644570e-01
8.787673630766776878e-01
9.023136632304559202e-01
9.249294825685933086e-01
9.465494967519799685e-01
9.669800635225457297e-01
9.860015355492290912e-01
1.003529923909602273e+00
1.019797838796175915e+00
1.035499212127669821e+00
1.051845834686102599e+00
1.070506644255966533e+00
1.093435765376216562e+00
1.122630611287144919e+00
1.159884921653793421e+00
1.206605634866310783e+00
1.263745728521775691e+00
1.331872748613713187e+00
1.411354142394881439e+00
1.502606520227917963e+00
1.606335895668899338e+00
1.723695403620624234e+00
1.856306653251318162e+00
2.006126212165368905e+00
2.175180794538445816e+00
2.365232096353181213e+00
2.577453904190198486e+00
2.812202955248877423e+00
3.068940446146039669e+00
3.346319891325203688e+00
3.642411749298423818e+00
3.955000067980443124e+00
4.281872183392089859e+00
4.621032731943009786e+00
4.970802909674253200e+00
5.329803756128690395e+00
5.696855288177047782e+00
6.070841866147602239e+00
6.450595035918492925e+00
6.834831729222170082e+00
7.222165628578632202e+00
7.611190317354465940e+00
8.000619045167834287e+00
8.389457983842454780e+00
8.777185551428669186e+00
9.163907657898803905e+00
9.550457748027309179e+00
9.938413914781413894e+00
1.033001628501831881e+01
1.072798712101607244e+01
1.113528004653674053e+01
1.155480588638391026e+01
1.198919205629050921e+01
1.244062449301272189e+01
1.291079628866657281e+01
1.340095295338627146e+01
1.391199245103971016e+01
1.444456036158013923e+01
1.499908309031049214e+01
1.557570358849170056e+01
1.617411627250776007e+01
1.679332928515986012e+01
1.743140316675343371e+01
1.808522089406590183e+01
1.875033667510746582e+01
1.942093548901874200e+01
2.008991833342702193e+01
2.074911323305051170e+01
2.138959953360102162e+01
2.200212093393487578e+01
2.257754968697046394e+01
2.310735184724986624e+01
2.358399597970653616e+01
2.400125114703503826e+01
2.435433773942857627e+01
2.463992501048481643e+01
2.485600429299967118e+01
2.500169538680243519e+01
2.507705495330784728e+01
2.508294482644032541e+01
2.502098802423600787e+01
2.489360144567248412e+01
2.470406082929039115e+01
2.445653760297713575e+01
2.415605405604652134e+01
2.380832936814156042e+01
2.341952394322314035e+01
2.299592021690896004e+01
2.254359445408308105e+01
2.206813252739844700e+01
2.157442721299661059e+01
2.106657403456758004e+01
2.054786637010166928e+01
2.002088355487955340e+01
1.948766684441305230e+01
1.894998067150512000e+01
1.840965222568909354e+01
1.786896563280722461e+01
1.733105928238634519e+01
1.680024501077518195e+01
1.628214954782094992e+01
1.578358499934186554e+01
1.531209293005568206e+01
1.487517222208821188e+01
1.447927991112778834e+01
1.412876508808627385e+01
1.382493661594514478e+01
1.356546064013615549e+01
1.334423091410520534e+01
1.315176527510354632e+01
1.297607799486512370e+01
1.280388762872685149e+01
1.262196691404727034e+01
1.241843722499771907e+01
1.218385151586541149e+01
1.191197858688069822e+01
1.160027172357728986e+01
1.125005151659613389e+01
1.086644216556487841e+01
1.045807593909756150e+01
1.003654133362265810e+01
9.615525631106926596e+00
9.209617902712974313e+00
8.832804750436698882e+00
8.496796190100072366e+00
8.209429234241612861e+00
7.973466538865710440e+00
7.786096664112900356e+00
7.639333413188145627e+00
7.521320808509209144e+00
7.418327978366100695e+00
7.317035115030114056e+00
7.206633624788670645e+00
7.080324321429765533e+00
6.935979763291619804e+00
6.775973223388942479e+00
6.606374521924605503e+00
6.435795484783575660e+00
6.274115107191273744e+00
6.131179345568506633e+00
6.015455641399410247e+00
5.932623920226226311e+00
5.884229856111815593e+00
5.866736678692101137e+00
5.871438403055371680e+00
5.885598087207210227e+00
5.894812793068129331e+00
5.886102614793534471e+00
5.850815594597085223e+00
5.786376133143741107e+00
5.696281281750008141e+00
5.588439365871251674e+00
5.472630723243097073e+00
5.358197679180350725e+00
5.252848464796069372e+00
5.162783951701311658e+00
5.093584020495536713e+00
5.050857765359630491e+00
5.039836519832400441e+00
5.063800333880029925e+00
5.122081379518742317e+00
5.208868500402934032e+00
5.313811249862154362e+00
5.424550059077754227e+00
5.530236579585208645e+00
5.624465477887102161e+00
5.706229261613188442e+00
5.778482827752532636e+00
5.845148744823920772e+00
5.908202777630670255e+00
5.966371038355009482e+00
6.015992448851985586e+00
6.053323741367654165e+00
6.076753195404863916e+00
6.087533283826353170e+00
6.088642066895633143e+00
6.082600433057373301e+00
6.069728930125432242e+00
6.048005642720446495e+00
6.014602364844184201e+00
5.968045477149467537e+00
5.909517653781461988e+00
5.842375773605973599e+00
5.770150466789497834e+00
5.694342027279458485e+00
5.613552168359371208e+00
5.524731692910027192e+00
5.426039217305624440e+00
5.319776469246834338e+00
5.213709566959166430e+00
5.119892153651262490e+00
5.051402347745842292e+00
5.018456094698229286e+00
5.025602194411789014e+00
5.071057261158330220e+00
5.148115083352024612e+00
5.247606028499904873e+00
5.360084878489333349e+00
5.476877835497100833e+00
5.589986476563473694e+00
5.691592272907773697e+00
5.774108399617229104e+00
5.831304686468328669e+00
5.860265049791641090e+00
5.863282310291848098e+00
5.848625983323199051e+00
5.829525787703112805e+00
5.821477312132016024e+00
5.838703547392095849e+00
5.890947620287915854e+00
5.981595729824670471e+00
6.107563317288318139e+00
6.260717435524732366e+00
6.430151354397459329e+00
6.604529363687118071e+00
6.773943428703487868e+00
6.931091289673072531e+00
7.071892195235599310e+00
7.195773533621007800e+00
7.305785411359497772e+00
7.408527855133395512e+00
7.513736252506541646e+00
7.633355738537498603e+00
7.780057850461178148e+00
7.965353759427852509e+00
8.197643420067448616e+00
8.480626050648327308e+00
8.812446737457189982e+00
9.185784298722648344e+00
9.588856936205605308e+00
1.000711040527407647e+01
1.042522138631143669e+01
1.082902655874850772e+01
1.120706686093228832e+01
1.155157709809597044e+01
1.185890072055032896e+01
1.212942204733771767e+01
1.236715867197148810e+01
1.257914713624479575e+01
1.277470862453775702e+01
1.296463099120408202e+01
1.316027639648468650e+01
1.337263218497347772e+01
1.361135972115079085e+01
1.388394089261550590e+01
1.419504966132671697e+01
1.454626742179594423e+01
1.493621098718842077e+01
1.536106170440454299e+01
1.581539641499425919e+01
1.629315245150756652e+01
1.678853084506109994e+01
1.729666311608085394e+01
1.781393096384618246e+01
1.833791579741546940e+01
1.886704128649300927e+01
1.940003404746365945e+01
1.993535137054353967e+01
2.047070913606460962e+01
2.100279781222441144e+01
2.152721656083218349e+01
2.203860245515853222e+01
2.253089612010877119e+01
2.299767135963839237e+01
2.343246171582396542e+01
2.382903415252106072e+01
2.418158140886527718e+01
2.448482475300437500e+01
2.473403601659697415e+01
2.492500222475939609e+01
2.505396807289451999e+01
2.511759927442081164e+01
2.511300979582838266e+01
2.503788447065479872e+01
2.489070438098497817e+01
2.467104952642741011e+01
2.437992048248506549e+01
2.401999931292377610e+01
2.359576945249820312e+01
2.311343798249546921e+01
2.258064666894876638e+01
2.200600802399370082e+01
2.139854410600200652e+01
2.076712601022760651e+01
2.012000558827900676e+01
1.946450158222210902e+01
1.880686100692665619e+01
1.815227675995425827e+01
1.750501487910711873e+01
1.686859419532868642e+01
1.624596535712716161e+01
1.563964930424215360e+01
1.505181096252185746e+01
1.448425861552248683e+01
1.393837281291962960e+01
1.341498222492075243e+01
1.291421796810673328e+01
1.243539010408919232e+01
1.197693502229900808e+01
1.153647481631420924e+01
1.111100742063838176e+01
1.069721293332812984e+01
1.029182670164637159e+01
9.892005475222184430e+00
9.495608968595503185e+00
9.101338503500201682e+00
8.708711544905634483e+00
8.317893871837521047e+00
7.929445938322167819e+00
7.544056295836259807e+00
7.162329564048395270e+00
6.784673783290031679e+00
6.411301405737921399e+00
6.042329599753265335e+00
5.677945661843620151e+00
5.318594100047874029e+00
4.965141564718513756e+00
4.618981227105349419e+00
4.282047518572954736e+00
3.956725274620528587e+00
3.645654941729480569e+00
3.351456902975966212e+00
3.076419555997028876e+00
2.822211266387129047e+00
2.589679007669751787e+00
2.378782417041096942e+00
2.188682460489018489e+00
2.017966033024000350e+00
1.864952575361268128e+00
1.728007173434329413e+00
1.605783655468283389e+00
1.497341447379219037e+00
1.402115374221510002e+00
1.319757854000626285e+00
1.249906739359295749e+00
1.191950488524158969e+00
1.144860990856297001e+00
1.107144103433512328e+00
1.076924368914033536e+00
1.052142385544135195e+00
1.030811111705125738e+00
1.011260175754121748e+00
9.923006374686348385e-01
9.732665967817262231e-01
9.539280909874943148e-01
9.343100875372559733e-01
9.144814078352032638e-01
8.943844435378355273e-01
8.737583950148061218e-01
8.521718537444388231e-01
8.291389866707088441e-01
8.042638611271640814e-01
7.773515331909859327e-01
7.484443647669587474e-01
7.177782986385180530e-01
6.856897697236483680e-01
6.525230328120308343e-01
6.185814535484359666e-01
5.841385129340634919e-01
5.494893055311793617e-01
5.149992673025937107e-01
4.811066118709097506e-01
4.482594565029574540e-01
4.168060268901128684e-01
3.868874718136930402e-01
3.583906715559818101e-01
3.309969009430748788e-01
3.043198156955086442e-01
2.780825570329336638e-01
2.522602701396927105e-01
2.271237970455461663e-01
2.031602049412525868e-01
1.808989403966980158e-01
1.607146620733019837e-01
1.426894948341920766e-01
1.265926396257166520e-01
1.119847795593674200e-01
9.840117060486841538e-02
8.553464046348641103e-02
7.334214040080773434e-02
6.203407046632394839e-02
5.195751049372605151e-02
4.342914753972054037e-02
3.659171536475798459e-02
3.135261955825956182e-02
2.742379610037495516e-02
2.443690192742677125e-02
2.207796871378801123e-02
2.018277656088292293e-02
1.875736859139262580e-02
1.792457601129023720e-02
1.782949215255180686e-02
1.855051241100497822e-02
2.005366456284139731e-02
2.220319255267867026e-02
2.481412554533267076e-02
2.771594285254583984e-02
3.079695021232489727e-02
3.401406066517336652e-02
3.737285776516361541e-02
4.089711323582598257e-02
4.460850794416099108e-02
4.852666950357385073e-02
5.268384251292936721e-02
5.713703849713331478e-02
6.196013752396104662e-02
6.720963055225780136e-02
7.287454744559761222e-02
7.883435823910014961e-02
8.485052747235977133e-02
9.060575460203793008e-02
9.578437220555227616e-02
1.001672390409759916e-01
1.037044039287701447e-01
1.065341887073454896e-01
1.089366202353112129e-01
1.112345239237464978e-01
1.136764560497102311e-01
1.163432697867531201e-01
1.191114054252793986e-01
1.216847362471214777e-01
1.236817905628783271e-01
1.247463531263137415e-01
1.246437212952762330e-01
1.233134354866289584e-01
1.208675118973574492e-01
1.175430528673182262e-01
1.136317865069694927e-01
1.094122255782944697e-01
1.051032465584197523e-01
1.008455305109610817e-01
9.670559210353775470e-02
9.269085936463605790e-02
8.876502065494183691e-02
8.485869891804390108e-02
8.087740129996694172e-02
7.671266318789199401e-02
7.226138823664426947e-02
6.745334786150511408e-02
6.228052776735059498e-02
5.681792647062852003e-02
5.122581173678105587e-02
4.572847061282886427e-02
4.057221872507413285e-02
3.597285029105758841e-02
3.206703350516405121e-02
2.888188021111528364e-02
2.634038561043750351e-02
2.050865620126326658e-02
