1.312693356692966051e-01
1.422583951580153050e-01
1.388436866160036864e-01
1.238791870970886305e-01
1.110868832668200634e-01
1.140792064680049844e-01
1.354544871116157567e-01
1.654553445841417392e-01
1.914428124090838401e-01
2.098186800303875332e-01
2.295939093841352086e-01
2.640770721051802217e-01
3.179704761647678679e-01
3.817665940887875475e-01
4.391429065431661227e-01
4.811629052594674216e-01
5.142241222667776057e-01
5.536624457308966241e-01
6.079905506936407189e-01
6.682262643338330310e-01
7.132968862017597944e-01
7.281888090244647005e-01
7.190324872233383457e-01
7.107585319669094126e-01
7.281085149619860308e-01
7.763075151153058240e-01
8.390425890587592805e-01
8.965330419714575561e-01
9.483777743056646115e-01
1.020826437247937646e+00
1.150996504822415778e+00
1.360424913716250961e+00
1.640182680166812013e+00
1.961036465997090028e+00
2.301634474417042941e+00
2.671897488587993585e+00
3.110805261855392079e+00
3.657099319774713919e+00
4.313862539916134331e+00
5.035588704976173169e+00
5.751271052104195647e+00
6.408786558446910142e+00
7.006271674774573022e+00
7.583085273662584669e+00
8.174172072419089830e+00
8.763505487308101749e+00
9.277057327063674919e+00
9.625895766561475497e+00
9.768023730640097213e+00
9.739293714069180652e+00
9.627127778846558570e+00
9.507811636461031668e+00
9.398658785539172555e+00
9.263398887243004864e+00
9.063733097546737838e+00
8.811595252453960470e+00
8.577864193086687905e+00
8.451359241973566583e+00
8.482908438386530747e+00
8.658995118503749922e+00
8.922576152115333059e+00
9.220228725775312384e+00
9.536608455660246619e+00
9.891376953583458587e+00
1.030556057585600982e+01
1.076721793722349219e+01
1.122399605983837034e+01
1.160743177913848001e+01
1.186997093723767094e+01
1.200807616156156321e+01
1.205685672712163914e+01
1.206261287726831455e+01
1.205423055858358339e+01
1.203329315398983823e+01
1.198788047562127979e+01
1.191695838327991375e+01
1.184385826790271246e+01
1.180545154516855355e+01
1.182337904895606684e+01
1.188010877227597994e+01
1.192115971819372255e+01
1.188462609574950157e+01
1.173620147007934555e+01
1.148272044338945008e+01
1.115564991721457488e+01
1.078200368060596759e+01
1.036985701873761556e+01
9.919950035620205497e+00
9.448965142779648829e+00
8.998855234202800091e+00
8.620379998587294423e+00
8.343732683158407326e+00
8.160943692506545943e+00
8.033493710009350863e+00
7.916555938336482967e+00
7.779492057149564488e+00
7.609575538391240457e+00
7.402614026582625684e+00
7.153751876246686514e+00
6.857502993657810464e+00
6.515072392719055472e+00
6.140571085526215001e+00
5.760117986627733444e+00
5.404513708718580389e+00
5.100460729558544237e+00
4.864764404489515748e+00
4.702803689238656659e+00
4.609960216895794716e+00
4.574074357205850205e+00
4.578490378665578397e+00
4.608250794693375951e+00
4.650107775972541546e+00
4.700851655723482736e+00
4.758128099629969299e+00
4.821956993860238683e+00
4.896395029831970724e+00
4.989134029443245133e+00
5.112212343621335364e+00
5.273589381515552788e+00
5.470786264555930423e+00
5.688128628394186315e+00
5.898151370649524772e+00
6.067538610559627621e+00
6.171504616218197903e+00
6.201426121861275398e+00
6.167426476932003077e+00
6.093709687944424580e+00
6.009650768023323764e+00
5.941071080643268054e+00
5.904786098766716229e+00
5.907271740919548542e+00
5.946493017853778262e+00
6.015412595385792649e+00
6.105611978363068459e+00
6.209573392045541596e+00
6.321044682378529345e+00
6.434342349392339955e+00
6.543952771910177546e+00
6.644790791828318000e+00
6.732485604281333025e+00
6.803411203803629625e+00
6.854941223480374823e+00
6.886148919686682746e+00
6.898401975519128371e+00
6.895367777485897243e+00
6.882538592914469788e+00
6.866282770701928939e+00
6.852007886354441801e+00
6.841692503803968428e+00
6.832401475125683632e+00
6.817389891979414251e+00
6.789558770424297229e+00
6.745325096821382260e+00
6.686900920451098962e+00
6.621874632942597039e+00
6.559954635503298270e+00
6.508060967023446608e+00
6.466460467402138867e+00
6.428654574691467616e+00
6.385360067787703819e+00
6.330033925533776973e+00
6.262557057311277653e+00
6.189181598023120401e+00
6.119060878334362741e+00
6.059443285642625021e+00
6.012422040891488351e+00
5.975243847546377829e+00
5.943555706546164608e+00
5.914671520708075114e+00
5.888374588130184328e+00
5.865491672699736370e+00
5.846502919507448937e+00
5.831941632039715273e+00
5.824298320558590980e+00
5.829488918620963744e+00
5.855664803530042484e+00
5.908634580728787000e+00
5.986225396355860262e+00
6.076406621666256669e+00
6.162695611256069128e+00
6.234853853626999509e+00
6.297527031857600655e+00
6.369558874048614427e+00
6.472866159412551390e+00
6.617403376008840432e+00
6.792296900661554560e+00
6.970095854997868656e+00
7.122735957293702569e+00
7.239200288630158298e+00
7.332330843021490629e+00
7.428997483492849163e+00
7.549894229033681015e+00
7.693356356613039182e+00
7.835001361933885633e+00
7.943537439077862139e+00
8.001524969841984358e+00
8.016601071126268963e+00
8.015669300556963250e+00
8.026595199660784274e+00
8.060370572678380086e+00
8.105446731559895923e+00
8.136367233404865118e+00
8.129033688049860373e+00
8.072562141043469808e+00
7.972859622342658881e+00
7.849182988772439806e+00
7.726630840644301834e+00
7.626107327478189646e+00
7.553726409378161755e+00
7.495107235347346908e+00
7.421700932219536639e+00
7.310675580317554711e+00
7.168082080962128622e+00
7.036482541534049062e+00
6.973999738763247969e+00
7.013074232067369351e+00
7.129224935526812246e+00
7.250535708258142087e+00
7.309187143926752839e+00
7.297485056436917361e+00
7.278944471095310398e+00
7.338014533636172843e+00
7.506104286927918423e+00
7.727621330144302192e+00
7.899355838105528882e+00
7.952834065972940181e+00
7.909295027012819723e+00
7.859237963048889775e+00
7.884898341443933312e+00
7.994101642855108381e+00
8.121150979262610647e+00
8.187502076497947812e+00
8.162890044581960325e+00
8.075244096420018280e+00
7.972678660685732055e+00
7.883530598054773186e+00
7.809158128313776537e+00
7.739717297324808065e+00
7.661319917459264772e+00
7.547264121675318016e+00
7.359590317582659580e+00
7.080210222668223530e+00
6.746332561955127538e+00
6.440685730862266922e+00
6.225579814556303937e+00
6.078137897000640777e+00
5.901347396230465669e+00
5.616843425384721478e+00
5.253878629426296243e+00
4.937855091221520887e+00
4.777611048626014600e+00
4.760065686802626317e+00
4.762584736350605752e+00
4.675014029004990412e+00
4.506820729109364265e+00
4.368934103087579679e+00
4.353424497849287533e+00
4.441312027457715139e+00
4.531266942290146815e+00
4.545287867751805599e+00
4.489233537736824431e+00
4.411863678645066678e+00
4.329920650284560857e+00
4.217533364632338966e+00
4.063886745920140875e+00
3.908571172519817338e+00
3.793571519935218461e+00
3.689028972073171708e+00
3.501541111339675272e+00
3.179893561396239576e+00
2.800748087758778038e+00
2.516913636024901813e+00
2.429202674578461618e+00
1.935344835728771917e+00
