1.286395845662013926e-01
1.254795743820217580e-01
1.313760591354351526e-01
1.542758935505327000e-01
1.920468990086017791e-01
2.331041923719255615e-01
2.643128976205905700e-01
2.809286460723887657e-01
2.908556760751188630e-01
3.089426944654925511e-01
3.447497571369885772e-01
3.932831408260034634e-01
4.368851944078191996e-01
4.577748034290555212e-01
4.515067613424850745e-01
4.301354425434246731e-01
4.121418842569773977e-01
4.074003578967008155e-01
4.097441182613743571e-01
4.031619153349994544e-01
3.760895048446382671e-01
3.317415663265239623e-01
2.862636405029712061e-01
2.568821314982160930e-01
2.502102905658640797e-01
2.601119850124588573e-01
2.762209783549609554e-01
2.954613260934537688e-01
3.267459698646261734e-01
3.849513422021526576e-01
4.792879844857969029e-01
6.058924649347023905e-01
7.509687626642971292e-01
9.019618420840757045e-01
1.057405084319658517e+00
1.227037355632254023e+00
1.421831267681380462e+00
1.641995018899756076e+00
1.872761850492647318e+00
2.091511894322055198e+00
2.280833364303144872e+00
2.437774536687206339e+00
2.572831251430985233e+00
2.700050364981300355e+00
2.825908548523774044e+00
2.945085846270977470e+00
3.046023047985915611e+00
3.122044605885450519e+00
3.179723608859763573e+00
3.238010371565012591e+00
3.318366261496863423e+00
3.432933463550384978e+00
3.579368182570176415e+00
3.745911137043764327e+00
3.922436244140079076e+00
4.108796955248402050e+00
4.314160834976544123e+00
4.548067352297497479e+00
4.810064907821705482e+00
5.085574286647129405e+00
5.351026557139852535e+00
5.584993409596743952e+00
5.778211096141244951e+00
5.936203546790983943e+00
6.072909472502175277e+00
6.199553321070400358e+00
6.316469960074268641e+00
6.414102646987569933e+00
6.483179301104747161e+00
6.527011589519226220e+00
6.566401109551808446e+00
6.632434021933463875e+00
6.751409040545674145e+00
6.932297749297903877e+00
7.165372974097554248e+00
7.432264111022981012e+00
7.719400569556079894e+00
8.024955320714612483e+00
8.354903770661092466e+00
8.711936519922886646e+00
9.085669044036617237e+00
9.451118188806349352e+00
9.776551729329979068e+00
1.003579625531183162e+01
1.021756176327983034e+01
1.032650642897841209e+01
1.037608839937967531e+01
1.037839435908232133e+01
1.033777329514293086e+01
1.025206823519121535e+01
1.011961629660490303e+01
9.946105214550780005e+00
9.745899069781740920e+00
9.537034111672987535e+00
9.333962633300883383e+00
9.143447021917877393e+00
8.966049596546664446e+00
8.801194419683239900e+00
8.651458898989453417e+00
8.523065273385665108e+00
8.422897031267387646e+00
8.354860046965233877e+00
8.318340632453544714e+00
8.309468591668247583e+00
8.323809568521989277e+00
8.358492230570130133e+00
8.412667694839552013e+00
8.486540887432573399e+00
8.579944208072303624e+00
8.691267678176950895e+00
8.816975219313968992e+00
8.951518308864773843e+00
9.087438068455856666e+00
9.215653753391212177e+00
9.326079867584034844e+00
9.408653690061957064e+00
9.454652333306766465e+00
9.457997788575209341e+00
9.416225632324167094e+00
9.330951356857799084e+00
9.207902765917147292e+00
9.056732956307920190e+00
8.890785014084221061e+00
8.726788271614466908e+00
8.584268975478583030e+00
8.484383008604499565e+00
8.447966402880773273e+00
8.492819523947767735e+00
8.630525806736049077e+00
8.863364530947668740e+00
9.182008410676402832e+00
9.564638880895788731e+00
9.977891131033306493e+00
1.037975590529300085e+01
1.072429913515408373e+01
1.096780077454740798e+01
1.107558191795053482e+01
1.102838744346025557e+01
1.082691771348937593e+01
1.049324178237655403e+01
1.006846251759936450e+01
9.606885264970264515e+00
9.167688609110815179e+00
8.805557371067926908e+00
8.562005367588247040e+00
8.459175840349763220e+00
8.497478543649302551e+00
8.657340706872380665e+00
8.904058760992496602e+00
9.194091963839504444e+00
9.481530405718199717e+00
9.724303863550133542e+00
9.889981934287725096e+00
9.960480083338351776e+00
9.934401737096308693e+00
9.826025192481075976e+00
9.661093361808198665e+00
9.470719212913023100e+00
9.285115362984289078e+00
9.128517726229715024e+00
9.016116189484719712e+00
8.953333230913790075e+00
8.937314914453354575e+00
8.959933875656920677e+00
9.011159422511797246e+00
9.081631070849249809e+00
9.163750468551038253e+00
9.251376025585548390e+00
9.338941941701017768e+00
9.421181827145902687e+00
9.494307626165259251e+00
9.558447303508247117e+00
9.619903298889282084e+00
9.691279218667022022e+00
9.788360300484656662e+00
9.924505413360446227e+00
1.010504163144371148e+01
1.032454731089175048e+01
1.056860029820866664e+01
1.081925158084420602e+01
1.106147142483651358e+01
1.128728494733694632e+01
1.149565618313734561e+01
1.168868348901963650e+01
1.186682421886600558e+01
1.202628565391631632e+01
1.216013739795695869e+01
1.226222176497578431e+01
1.233122876389640510e+01
1.237236056958379393e+01
1.239553355255314315e+01
1.241088560854152156e+01
1.242349901206264207e+01
1.242959101555660162e+01
1.241626685134160013e+01
1.236605463890977497e+01
1.226516561294923591e+01
1.211117160824957750e+01
1.191423219064483696e+01
1.168916135242212384e+01
1.144284152056642334e+01
1.116705948857610409e+01
1.084453188192189721e+01
1.046578663936637632e+01
1.004452385353348731e+01
9.618189432495476865e+00
9.230655323200085860e+00
8.907710070394823987e+00
8.642754425056320855e+00
8.403935279784091605e+00
8.158654236788773773e+00
7.897922772695242344e+00
7.642108889889150269e+00
7.423186586195130054e+00
7.256891819574463831e+00
7.126477748138459134e+00
6.990808876357239576e+00
6.810542777015291094e+00
6.572734722193763979e+00
6.296634030185889408e+00
6.018363327444389732e+00
5.766945593954575067e+00
5.548221982596727386e+00
5.345623677818385211e+00
5.134762477473638675e+00
4.900991021270882264e+00
4.649360674154258355e+00
4.402501850304732400e+00
4.188647259122133981e+00
4.025935852244894697e+00
3.910481731349750856e+00
3.815338479891354773e+00
3.703838955376798747e+00
3.552160284871660689e+00
3.366478536457043536e+00
3.179575093768536309e+00
3.025604721986200119e+00
2.911023640561833936e+00
2.806213744940236232e+00
2.666930945029697408e+00
2.469164929752403648e+00
2.228562055791166507e+00
1.988261807738976650e+00
1.785700157252493758e+00
1.626116806420651706e+00
1.483875165582954292e+00
1.328829891342145242e+00
1.154330066042030811e+00
9.830547226158480312e-01
8.467552099073329952e-01
7.589726957867091173e-01
7.054945114888301338e-01
6.602395685589467211e-01
6.102989168773497175e-01
5.661317031443149350e-01
5.486925186329988380e-01
5.679157651557139586e-01
6.134342965682304527e-01
6.638086274905273809e-01
7.023150496729041459e-01
7.244213078398011874e-01
7.342537391603752850e-01
7.383556738245993234e-01
7.433429585572635112e-01
7.552185375812996426e-01
7.752531671873603702e-01
7.940806038880198203e-01
7.924083643657258147e-01
7.532075203724414303e-01
6.781019115633232230e-01
5.925281676895174376e-01
5.306683694104256110e-01
5.148077561036910055e-01
4.014021647010901361e-01
