7.424702182514099746e+00
7.858440147856798674e+00
8.066889909546398840e+00
8.297877592114796030e+00
8.785132776286440404e+00
9.510525818302951961e+00
1.022228512233718156e+01
1.068655744739164248e+01
1.091857562454447006e+01
1.116718005599353880e+01
1.167512712554126963e+01
1.245402480398821332e+01
1.328774013684718369e+01
1.394897669325959022e+01
1.441293355958833899e+01
1.486944233421610129e+01
1.553791992993396320e+01
1.647090901544655850e+01
1.752358778953697893e+01
1.849601410466198459e+01
1.929940931903712453e+01
1.999902882775656465e+01
2.071970091229600897e+01
2.152178968161984329e+01
2.235679206552355325e+01
2.311744857884775328e+01
2.371552996455357132e+01
2.412151349653144194e+01
2.435675292287634264e+01
2.446788031651056627e+01
2.450454236174061151e+01
2.449796724096524159e+01
2.443975320818480057e+01
2.428123537912851049e+01
2.397316526259652392e+01
2.352727924550977079e+01
2.304339207982016191e+01
2.265989486152382426e+01
2.245371673193682938e+01
2.237555551334165216e+01
2.228995845768778139e+01
2.209902591120896176e+01
2.184329276594600699e+01
2.168041470626497258e+01
2.174699898047995106e+01
2.202043137950346718e+01
2.230902415585786613e+01
2.239062180693163029e+01
2.218526559540874388e+01
2.181066720074591458e+01
2.146868840345853968e+01
2.126034332947498839e+01
2.109164494885723329e+01
2.075363579897286215e+01
2.010736735883669724e+01
1.921386643250905379e+01
1.829879051005782387e+01
1.758496781550229571e+01
1.713654874648966597e+01
1.684256046597857193e+01
1.654441851199321434e+01
1.619120791980909502e+01
1.589004724062584906e+01
1.581430745229215695e+01
1.605299283496727725e+01
1.652828237092603914e+01
1.704455048849627019e+01
1.742175508816950114e+01
1.760270113580671847e+01
1.765420631745543645e+01
1.767303616725148885e+01
1.768048530748785296e+01
1.758960716904502064e+01
1.726491289297036857e+01
1.662267926631912474e+01
1.569524267517672023e+01
1.461636307455084705e+01
1.354445148399654997e+01
1.258084687878899288e+01
1.173695761335450349e+01
1.096546092281509388e+01
1.022646700721570667e+01
9.538487914656595734e+00
8.977735190688006739e+00
8.627128898237184984e+00
8.512786298730011580e+00
8.575401928904225812e+00
8.698935662597985896e+00
8.776531023093539829e+00
8.765513641646736076e+00
8.692260070991164156e+00
8.607352319344881764e+00
8.529918963896035322e+00
8.426177441136990964e+00
8.236977420786034898e+00
7.928939249771746134e+00
7.526764900988366591e+00
7.102252808140341322e+00
6.730886390904306182e+00
6.450032999796575517e+00
6.247461441458417752e+00
6.083053125002317429e+00
5.922657076422737532e+00
5.758337328374622643e+00
5.603816163663575267e+00
5.473655954888760888e+00
5.364592904767837567e+00
5.252535636880166336e+00
5.105556406155296045e+00
4.902365500269975307e+00
4.643797740556490972e+00
4.351047314028543056e+00
4.053290925587572424e+00
3.773205448550994934e+00
3.518891176912769758e+00
3.285739205481347902e+00
3.065346692699895570e+00
2.854673986888765391e+00
2.659405415889810609e+00
2.490008412002242544e+00
2.354016400145647836e+00
2.250237732455835804e+00
2.168741516589713036e+00
2.096242846903504375e+00
2.023009206059627640e+00
1.946895114650489367e+00
1.872512476241709356e+00
1.806818730474488710e+00
1.754276252220362098e+00
1.714309997477196035e+00
1.681871950604089561e+00
1.650060080088710635e+00
1.613001826041188913e+00
1.567640119806506194e+00
1.513999208247483796e+00
1.454279468436584510e+00
1.391452324885164016e+00
1.327985022280690375e+00
1.265117248835688546e+00
1.202856591858955548e+00
1.140596600595330745e+00
1.078030226133267711e+00
1.015904931953699020e+00
9.562258940256552764e-01
9.017868511753043270e-01
8.552526513027529642e-01
8.183206454162683663e-01
7.912306614950093131e-01
7.724916144004920771e-01
7.597714033655275090e-01
7.510955737268960597e-01
7.445153079916811967e-01
7.386604312786477777e-01
7.328248017540718307e-01
7.266681175746878552e-01
7.197868507234354007e-01
7.115091593260808311e-01
7.008868723235710529e-01
6.868251689765767498e-01
6.683407663034898194e-01
6.448532148449187540e-01
6.164213772732947128e-01
5.839740076059788398e-01
5.490806813693096533e-01
5.135815249428589135e-01
4.795348048044309475e-01
4.488074305162652045e-01
4.226323765028510149e-01
4.020243394480632615e-01
3.873540237740382142e-01
3.782228075361921404e-01
3.738512444637432930e-01
3.730711615746695742e-01
3.743530173924117244e-01
3.759402210702302294e-01
3.760639962914552603e-01
3.732743293573447252e-01
3.667713181499830388e-01
3.565608604602077403e-01
3.433272306782594874e-01
3.281000102927289497e-01
3.119282029289868752e-01
2.957286152898696008e-01
2.803095671140345413e-01
2.664590990946123505e-01
2.550055192937472071e-01
2.468122648918695261e-01
2.426614852354250507e-01
2.429806699848659213e-01
2.475020205851962696e-01
2.551388698490673068e-01
2.643313446549475088e-01
2.737289881267740976e-01
2.826693268187860375e-01
2.909879450621855046e-01
2.983162056978728160e-01
3.035901483624580677e-01
3.053594665098378069e-01
3.027206933080716089e-01
2.960748624420878605e-01
2.870465350312215169e-01
2.776046597332271215e-01
2.689995875243804679e-01
2.611807622543928509e-01
2.530458556407965687e-01
2.434473403194105101e-01
2.323943667596804763e-01
2.215138905373533473e-01
2.131038075559426870e-01
2.082505374028734146e-01
2.056329270241135931e-01
2.023861305125815579e-01
1.965372618669053995e-01
1.887870545661594623e-01
1.818164524018215933e-01
1.776907503172461822e-01
1.758655311792609865e-01
1.736936744174124303e-01
1.688563797239661102e-01
1.613885990353574884e-01
1.535498024830737052e-01
1.478324073976685915e-01
1.448939426040180278e-01
1.430897533638995078e-01
1.399585294537739055e-01
1.344753800222715234e-01
1.281425396156107566e-01
1.237689828354918420e-01
1.228357733304391852e-01
1.239178429717258667e-01
1.238552085141154946e-01
1.206123293618103498e-01
1.149110122337220485e-01
1.090259381915786724e-01
1.042505084435388918e-01
9.985689138795139641e-02
9.440083353839631708e-02
8.748332811048742386e-02
7.989219906143026073e-02
7.234997871045670270e-02
6.477066086588201266e-02
5.697142005195197922e-02
4.971797056313589230e-02
4.455525221069124575e-02
4.247057664968167945e-02
4.288915165483909997e-02
4.409970168017005726e-02
4.464501884917495417e-02
4.432691182207642439e-02
4.399948394259310669e-02
4.447978120425976484e-02
4.561796981020702080e-02
4.637435486141444629e-02
4.581934705192452356e-02
4.402042075077035321e-02
4.180016689722046430e-02
3.960391424236910096e-02
3.692640630901630749e-02
3.323295341719290780e-02
2.933922063148680301e-02
2.725851359370187743e-02
2.822782746143138316e-02
3.116680884591771505e-02
3.378722597604481848e-02
3.548314256805287087e-02
3.862723639846160628e-02
4.635339934997222133e-02
5.893372071930143979e-02
7.270923943985212190e-02
8.289557559663350561e-02
8.745679945604051264e-02
8.827955202304457738e-02
9.030977705446630033e-02
7.534744994450832956e-02
