1.573692049360418677e-01
1.638022176176269495e-01
1.740334654860747343e-01
1.949496077596487020e-01
2.280071212184635598e-01
2.666667598918275317e-01
2.994845767973235984e-01
3.177153699414411170e-01
3.219622008270996427e-01
3.220284410169096945e-01
3.291228688868881314e-01
3.462444013471546178e-01
3.648235940056357984e-01
3.708379139170602246e-01
3.555574028101632367e-01
3.220652956549718837e-01
2.824307934190990466e-01
2.484230367781709581e-01
2.237173351627527174e-01
2.035338401851923829e-01
1.809869138746090789e-01
1.541786828037837731e-01
1.282793888862897858e-01
1.115461425859744643e-01
1.091443782762774178e-01
1.199563523212361787e-01
1.386778555472518437e-01
1.610151400104099240e-01
1.873465631804897280e-01
2.217197978051135276e-01
2.671837259856740254e-01
3.216699990239879625e-01
3.781765811302711389e-01
4.292886184347335932e-01
4.723489206744925784e-01
5.110432729027714061e-01
5.521481077371435120e-01
6.000763789554606209e-01
6.534786779774135468e-01
7.064289692771174023e-01
7.532394502700057171e-01
7.933678033680395814e-01
8.328803264485222790e-01
8.813254470308693467e-01
9.460334576683381291e-01
1.027748796378342933e+00
1.120743349925849675e+00
1.217407022894153812e+00
1.313888295355637892e+00
1.412395878675823946e+00
1.518326853382473862e+00
1.634552295721548365e+00
1.757486617334608425e+00
1.878029186622985236e+00
1.986489626792105279e+00
2.077628205325908528e+00
2.152285293310994607e+00
2.215056817363020070e+00
2.270391930797607483e+00
2.320174841335722604e+00
2.364256805828482300e+00
2.403104249275995308e+00
2.440362960882867860e+00
2.483363334666444544e+00
2.541059284649112460e+00
2.620667797410257016e+00
2.725234351283339240e+00
2.853722835965492255e+00
3.003297050049690498e+00
3.171687339647737414e+00
3.357512671901631496e+00
3.558323560558811938e+00
3.768294428071005342e+00
3.977921678800444560e+00
4.176377460274887099e+00
4.354922415741956598e+00
4.508986232564935470e+00
4.637710271964341047e+00
4.741699702606487321e+00
4.820841205565092658e+00
4.873690991488260238e+00
4.898696843315788030e+00
4.896339003329153172e+00
4.870750251628244598e+00
4.829628971734228671e+00
4.782153292217164342e+00
4.735789774981353339e+00
4.693746934360977896e+00
4.654693147298033296e+00
4.615094268517895948e+00
4.572837204744301332e+00
4.529877119540097752e+00
4.492224210637622228e+00
4.467319566923639407e+00
4.460516308662159979e+00
4.472834153049986661e+00
4.501176335672274931e+00
4.540583213789537886e+00
4.586971009272912347e+00
4.638792809819235252e+00
4.696957673870684857e+00
4.763425659183089245e+00
4.839499541693532692e+00
4.924750580695118174e+00
5.016982217099650754e+00
5.113053646344820180e+00
5.210044456048510852e+00
5.306213248098220703e+00
5.401397275637784823e+00
5.496777033570297455e+00
5.594174582632887471e+00
5.695196803712076594e+00
5.800547539963843313e+00
5.909731444910521603e+00
6.021208579644441450e+00
6.132895884385148655e+00
6.242800687943883986e+00
6.349541827634808122e+00
6.452572882496223627e+00
6.552049742222634698e+00
6.648433712702370713e+00
6.742033024640530670e+00
6.832716468794672871e+00
6.919968978595525400e+00
7.003317287450645523e+00
7.082981837433397487e+00
7.160479429274793084e+00
7.238873887576347421e+00
7.322468675093372070e+00
7.415919295809723089e+00
7.522949281617022699e+00
7.645021541125071707e+00
7.780400295743648442e+00
7.923997780051000639e+00
8.068211114755472479e+00
8.204644299090981363e+00
8.326274905457331954e+00
8.429406188538518307e+00
8.514757694268595856e+00
8.587309733732574557e+00
8.654935071298275773e+00
8.726262204702836200e+00
8.808459556764258735e+00
8.905617939271515127e+00
9.018156351763410683e+00
9.143300382552865813e+00
9.276335952129109330e+00
9.412133553878934578e+00
9.546414139306770963e+00
9.676397219871089916e+00
9.800800106134365919e+00
9.919499021041852771e+00
1.003328236570781051e+01
1.014390077504694965e+01
1.025423011063698553e+01
1.036818069417398114e+01
1.049018044054666454e+01
1.062440271442404160e+01
1.077403649596465129e+01
1.094073450960582505e+01
1.112420897851737145e+01
1.132204159438114921e+01
1.153003987949611897e+01
1.174353446507312704e+01
1.195960437387466158e+01
1.217945762684236222e+01
1.240955840801658816e+01
1.266016216103081149e+01
1.294102326748993548e+01
1.325587821675180855e+01
1.359883023435598126e+01
1.395561903238049162e+01
1.431032718799917269e+01
1.465437693464452806e+01
1.499220213871256746e+01
1.533906648372019532e+01
1.571120617771115313e+01
1.611392013836224635e+01
1.653535398493476549e+01
1.695046403118733025e+01
1.733290193422177694e+01
1.766707319876103810e+01
1.795246449578864301e+01
1.819774404916424615e+01
1.840925011633696329e+01
1.858219052890237322e+01
1.870064530972351236e+01
1.874614115461170982e+01
1.870881832377503784e+01
1.859390465670673365e+01
1.841970661048700464e+01
1.820872771410871493e+01
1.797727509502858823e+01
1.772926026058604521e+01
1.745737592142078398e+01
1.715106878802924584e+01
1.680721694911203201e+01
1.643731239118342913e+01
1.606549157272130657e+01
1.571598569765401621e+01
1.539567530414446850e+01
1.508337279957357779e+01
1.473645302115618527e+01
1.431510978766637798e+01
1.381033244636928892e+01
1.325508480473766326e+01
1.270721718339570749e+01
1.221317325333742509e+01
1.177810108699105740e+01
1.136588515912314534e+01
1.093126219195141857e+01
1.046112004864545852e+01
9.993295076886180794e+00
9.596861934418296158e+00
9.327011040542522835e+00
9.187704780260833815e+00
9.130114618641911761e+00
9.087784605043058406e+00
9.021671324092736199e+00
8.941592472125366342e+00
8.889801025341066421e+00
8.901248680365451804e+00
8.970875219612919338e+00
9.050441270042908215e+00
9.074622221402275812e+00
8.996628272681045146e+00
8.810158878313696817e+00
8.546146060259342647e+00
8.249052618947752435e+00
7.948095576268078055e+00
7.639702750562034517e+00
7.290744427363499369e+00
6.861426466545495373e+00
6.335715511744937523e+00
5.740366406655179610e+00
5.137078438673528424e+00
4.588519440790636672e+00
4.119862926143039950e+00
3.705853666751343756e+00
3.297188830523795300e+00
2.867842432951117182e+00
2.444044526769991954e+00
2.087976791190016002e+00
1.847860613108231798e+00
1.717305728034683510e+00
1.640507068473154861e+00
1.559636346650184135e+00
1.462541311719803172e+00
1.388159136722623810e+00
1.385230913962987032e+00
1.462157625318748488e+00
1.573317225330261415e+00
1.653295606811467255e+00
1.667158429541400588e+00
1.632248987985737587e+00
1.595332216128042546e+00
1.589561992997357676e+00
1.610152171899697393e+00
1.625261238568653122e+00
1.605229182827487611e+00
1.541971816430525166e+00
1.447251188853180270e+00
1.340500957702472240e+00
1.240443075727374334e+00
1.161857975061071135e+00
1.110336119382998588e+00
1.075076415092775628e+00
1.030804464920789476e+00
9.558629899930523033e-01
8.547343374675938632e-01
7.614701736496891638e-01
7.138928571411476964e-01
7.245752836297051358e-01
5.822886879159138163e-01
