1.382695229909713663e-01
1.354484321979494699e-01
1.398833154749763164e-01
1.596522585852589715e-01
1.936395751846488877e-01
2.318516838821667314e-01
2.631622024430466666e-01
2.848286954128039228e-01
3.056972937547840496e-01
3.394146782481026747e-01
3.923835290487040495e-01
4.565355274781951467e-01
5.138950977617460225e-01
5.501214606391408024e-01
5.659476752789838194e-01
5.763829280353247597e-01
5.976276885077018708e-01
6.324074067261546972e-01
6.662812834480877910e-01
6.784724438004435809e-01
6.585483942231247223e-01
6.153514458737625592e-01
5.710255132712779291e-01
5.451696762264637286e-01
5.419057821229739114e-01
5.499179791848238796e-01
5.549529789754571452e-01
5.545110535977901822e-01
5.630450809127440781e-01
6.036669938779930522e-01
6.929375211447453831e-01
8.306212406936611670e-01
1.002348674756628810e+00
1.193010845825650312e+00
1.400189054305239100e+00
1.636649252162195589e+00
1.919331212547881416e+00
2.252976956018083676e+00
2.621169735861016648e+00
2.992275971882269570e+00
3.336533282692081048e+00
3.641949994413606451e+00
3.917329886103608327e+00
4.180127087518292761e+00
4.438054314129543876e+00
4.678255471939080756e+00
4.872735857798115688e+00
4.996972163659039623e+00
5.048511102037061882e+00
5.051583454089957570e+00
5.043561152467125552e+00
5.052622417057708759e+00
5.082917962832278036e+00
5.118088659901406601e+00
5.140053331109365686e+00
5.148376595633217256e+00
5.165315100240173152e+00
5.222800031581425806e+00
5.341231450365954814e+00
5.515649379776407457e+00
5.718873053497264713e+00
5.918730452645891482e+00
6.096892519691066603e+00
6.256503801786182706e+00
6.414245317664041934e+00
6.583407266124852164e+00
6.760543607092467155e+00
6.925435963693463925e+00
7.054449280102134345e+00
7.137670160107855821e+00
7.187491909617159891e+00
7.232650992494601638e+00
7.302371903643352091e+00
7.412079725380984918e+00
7.560057534546405833e+00
7.735621831286951355e+00
7.931139378517338301e+00
8.148614915368741052e+00
8.396844788099459223e+00
8.682312612175845601e+00
9.000754530015397492e+00
9.334897870469903935e+00
9.659349635503907905e+00
9.949322632097224783e+00
1.018809145637813707e+01
1.036927956441456899e+01
1.049342821449862306e+01
1.056193497049606300e+01
1.057310562447193192e+01
1.052336716275223338e+01
1.041256885282408717e+01
1.024882989201305605e+01
1.004850385149333469e+01
9.830635303539231984e+00
9.609705095135197439e+00
9.391817159022847861e+00
9.176723870071242573e+00
8.963637476869649845e+00
8.756252992098119137e+00
8.563529312419799311e+00
8.396210411383670191e+00
8.261957930488904367e+00
8.162384205625032862e+00
8.093464922770865044e+00
8.048501954500968836e+00
8.021600833426617783e+00
8.009922499567677434e+00
8.014075719190930869e+00
8.037011735514974831e+00
8.082216926044278438e+00
8.151969704359835589e+00
8.246211247489473095e+00
8.362318434844688397e+00
8.495763495947482369e+00
8.641322624288509502e+00
8.794278964644639984e+00
8.951089360521740090e+00
9.109264621497439762e+00
9.266609007632848005e+00
9.420262507454857825e+00
9.566035201891184059e+00
9.698314238933525289e+00
9.810507434090510515e+00
9.895761271287311089e+00
9.947673841974284059e+00
9.960884311595856744e+00
9.931617336543153485e+00
9.858345763375744752e+00
9.742648526251066698e+00
9.590138495889270587e+00
9.411144631701940710e+00
9.220770831362775866e+00
9.038055796633393868e+00
8.884170418417403070e+00
8.779824675685873103e+00
8.742253363633032848e+00
8.782279504043829732e+00
8.901990685229982603e+00
9.093484563144077271e+00
9.338962350565680026e+00
9.612246265541498857e+00
9.881646240798243497e+00
1.011399704566002633e+01
1.027951712865437273e+01
1.035680625860513615e+01
1.033690659966037551e+01
1.022524147868922384e+01
1.004070771071870993e+01
9.812098939336296510e+00
9.572836683674136538e+00
9.355234492109403277e+00
9.185312397685041930e+00
9.078949820489746969e+00
9.040072220554863591e+00
9.061294401589016445e+00
9.126745118677908053e+00
9.216022964568521658e+00
9.308033240268022368e+00
9.383991253146007239e+00
9.429590204753688809e+00
9.436587335695021395e+00
9.403822899275565916e+00
9.337401000550368479e+00
9.249757637429443236e+00
9.157563125313028962e+00
9.078676430205520731e+00
9.028644611186418700e+00
9.017522575474950841e+00
9.047955063124625497e+00
9.115322312624446255e+00
9.210200567637714997e+00
9.322493309369939141e+00
9.445637975981009404e+00
9.578846329249696367e+00
9.725987872708376614e+00
9.891495932851066542e+00
1.007561748705882820e+01
1.027201838090454267e+01
1.046946841179658705e+01
1.065678296270874448e+01
1.082809041292039076e+01
1.098523840114691730e+01
1.113588051680283009e+01
1.128835473691250435e+01
1.144628487909194803e+01
1.160587413552027769e+01
1.175721491368650362e+01
1.188869138308149687e+01
1.199201272903646576e+01
1.206530293840952872e+01
1.211278779320688948e+01
1.214122065505765136e+01
1.215463016974970500e+01
1.214993604201925059e+01
1.211613339971308179e+01
1.203851363681674158e+01
1.190656124986040432e+01
1.172098658900752000e+01
1.149448168997688313e+01
1.124418420529842777e+01
1.098013354950845333e+01
1.069841266207408204e+01
1.038561612217907815e+01
1.003298677429115493e+01
9.649992093542751448e+00
9.265686880577545637e+00
8.914408309047118451e+00
8.614737586406945979e+00
8.357393769303921971e+00
8.112378841295283749e+00
7.851294626305610258e+00
7.568402791041487276e+00
7.284168053428572875e+00
7.028352594719930124e+00
6.815746145916918408e+00
6.633291240965138336e+00
6.448215795355289437e+00
6.230542713644768860e+00
5.973039373052086987e+00
5.694721512858444079e+00
5.426888823100226134e+00
5.192803850764597051e+00
4.994932944722060952e+00
4.816666620668756948e+00
4.635257724579462391e+00
4.436766967066211542e+00
4.224577937370361802e+00
4.017777372725493734e+00
3.840591691798341145e+00
3.707770329187162428e+00
3.613440429755467864e+00
3.531114587493363377e+00
3.427553249140247615e+00
3.283640605576632066e+00
3.107903888684445892e+00
2.930885868423067198e+00
2.782126868680090404e+00
2.666236666755279483e+00
2.557337895604828049e+00
2.417805197164717868e+00
2.227545739109166867e+00
2.000507368142290243e+00
1.774634008344488256e+00
1.583161077725861787e+00
1.430951101189216201e+00
1.295439939104304772e+00
1.150467091824610044e+00
9.912887927603882821e-01
8.386476739002478586e-01
7.195288416453677893e-01
6.436372377241899034e-01
5.974219867926153782e-01
5.596170638413008325e-01
5.218673692317336021e-01
4.947684299838694955e-01
4.952505304108248962e-01
5.289542969127517535e-01
5.840465797408012083e-01
6.401728020235306627e-01
6.822582262050131963e-01
7.069612466510267756e-01
7.192252535204189945e-01
7.258286536477674966e-01
7.325972955603708980e-01
7.443878919296318397e-01
7.625620912653373606e-01
7.794832002838040230e-01
7.775427925892566261e-01
7.396661641203128301e-01
6.662791647007042517e-01
5.823661220638893798e-01
5.227753351312419694e-01
5.097516599990924435e-01
3.999283043188270326e-01
