8.612786412807757475e-02
9.368505091208960411e-02
1.053848488466098549e-01
1.211579841309423644e-01
1.378800736442563069e-01
1.513336973139408070e-01
1.596022347483131432e-01
1.650190055455402205e-01
1.725805285395651811e-01
1.856096615195778066e-01
2.021275978795498973e-01
2.153324664154994128e-01
2.183831958987544342e-01
2.098417133016887148e-01
1.951178834990647259e-01
1.823752543410073201e-01
1.761480515846371719e-01
1.741210442228300348e-01
1.699360744314512284e-01
1.596358208491913400e-01
1.461205467472277142e-01
1.377273830433013990e-01
1.422037484223844517e-01
1.613342178950563088e-01
1.908331067582888230e-01
2.255200129516932994e-01
2.652807336827899820e-01
3.166544348645156104e-01
3.885082552061067118e-01
4.851175289292175008e-01
6.021574077189760787e-01
7.289442491653170819e-01
8.554731583289200136e-01
9.790800538598367631e-01
1.105718258386565900e+00
1.244725816339198765e+00
1.400677343685320153e+00
1.568047887693906794e+00
1.732498307766202172e+00
1.878049793573505211e+00
1.995445988055907671e+00
2.086287860990295062e+00
2.160436386593059144e+00
2.228642829905217670e+00
2.295405142434794321e+00
2.356764293706891777e+00
2.404446289761349664e+00
2.433583375366055179e+00
2.448848015265892020e+00
2.464757167956332928e+00
2.499664907631732547e+00
2.567202259503935657e+00
2.670784359175888856e+00
2.804841491206614190e+00
2.961809041097154704e+00
3.139816534245600366e+00
3.345436543478700564e+00
3.589319593575755363e+00
3.877620077135604859e+00
4.205176769386968161e+00
4.555293056303355570e+00
4.906507936016320848e+00
5.242074523310326306e+00
5.556096698780607746e+00
5.852499605819983408e+00
6.137718202571839754e+00
6.412150678900773393e+00
6.666354391045063110e+00
6.884944564781255494e+00
7.055995720267578264e+00
7.179819482413816623e+00
7.271102569085356571e+00
7.352681978785864381e+00
7.444820439522739974e+00
7.556753966906541997e+00
7.685462403166272161e+00
7.821527202504062970e+00
7.957357453663230551e+00
8.092078043881535621e+00
8.230214458116943632e+00
8.375614249145455048e+00
8.524935547262288082e+00
8.665028073614706727e+00
8.776038111223464000e+00
8.838690321204111910e+00
8.841790624747492444e+00
8.785887630582495333e+00
8.681383179153131735e+00
8.542841084122638762e+00
8.383501495937569103e+00
8.213378754993398090e+00
8.041234282099640751e+00
7.877627184253554127e+00
7.735658296496203512e+00
7.628294377953012351e+00
7.564187848258244529e+00
7.545080438779242726e+00
7.566399352779504817e+00
7.620066718115355187e+00
7.697129164177014538e+00
7.788546481669515131e+00
7.884398612149347230e+00
7.973110225528936112e+00
8.042076372620918789e+00
8.079763301723231095e+00
8.078187238333081055e+00
8.034489154780573017e+00
7.951020438398975543e+00
7.834218965056024331e+00
7.692988360942027093e+00
7.537206063673361989e+00
7.376661276848012427e+00
7.220459542166477895e+00
7.076823207900110546e+00
6.953186779691728603e+00
6.856428001343092937e+00
6.792987630099590390e+00
6.768617672260623941e+00
6.787648574985402306e+00
6.851934779679253573e+00
6.959865052602496327e+00
7.105875419847558661e+00
7.280768398645228956e+00
7.472898356111232765e+00
7.670005931166080870e+00
7.861238374663938266e+00
8.038763232403955072e+00
8.198459524977607771e+00
8.339467741546167545e+00
8.462795533418098870e+00
8.569543733458132806e+00
8.659491902634174565e+00
8.730682093735934401e+00
8.780257609003163211e+00
8.806252251790871455e+00
8.809518497757421684e+00
8.794812121717901832e+00
8.770357319037136890e+00
8.745871965479924626e+00
8.729719045578592684e+00
8.726264627132842122e+00
8.734499741369896597e+00
8.748497538614603997e+00
8.759475602598632449e+00
8.758502907661046777e+00
8.738711070040226403e+00
8.696398086198797728e+00
8.631233102545683877e+00
8.546219706026944252e+00
8.447869582724973014e+00
8.346474195261203377e+00
8.255905948528864613e+00
8.192268519068321098e+00
8.171019944754023712e+00
8.202962442873328541e+00
8.290496770073625399e+00
8.426009541082944310e+00
8.593449903582813576e+00
8.772355114990054048e+00
8.942246558086786479e+00
9.085650913870463086e+00
9.189597806507544320e+00
9.246660723194093379e+00
9.256361768150602742e+00
9.226575960761188355e+00
9.173719668533912852e+00
9.120606898758939707e+00
9.091688588822982808e+00
9.106662092766988792e+00
9.174888266170638573e+00
9.293759294803754401e+00
9.452749510427866042e+00
9.641290695440646985e+00
9.855287705471601711e+00
1.009732114323820262e+01
1.037008483656778957e+01
1.066812693348604668e+01
1.097488380270877961e+01
1.126845318353557346e+01
1.153307479491997256e+01
1.176867199835600353e+01
1.199147956944108451e+01
1.222445722757227493e+01
1.248308892785044044e+01
1.276546067970516241e+01
1.305269062429593241e+01
1.331879384583865011e+01
1.354306372913518608e+01
1.371732933077860395e+01
1.384493593787067311e+01
1.393399267508499229e+01
1.399016128331420994e+01
1.401297351087338505e+01
1.399646743069932420e+01
1.393259847085690240e+01
1.381552365919413106e+01
1.364552598576053377e+01
1.343145255290079376e+01
1.318984072402371588e+01
1.293914529036372763e+01
1.269045776908176570e+01
1.244057662697818500e+01
1.217455449495338193e+01
1.187919365352270518e+01
1.155907702945743942e+01
1.124138515756949630e+01
1.096201691180302795e+01
1.074054863100361068e+01
1.056311131583959195e+01
1.038899731147000871e+01
1.017916043985659513e+01
9.926133211084616548e+00
9.661213370199911665e+00
9.430975802009113451e+00
9.259660147468872893e+00
9.126878816402298256e+00
8.979501851243174571e+00
8.769768716665861774e+00
8.490354093134762081e+00
8.179311053404838106e+00
7.891884928077487871e+00
7.661905929253578940e+00
7.481811056102099400e+00
7.313643371980806940e+00
7.119222904607856783e+00
6.885891710409515198e+00
6.631743895963145619e+00
6.391373545398558953e+00
6.194803684861203585e+00
6.051829504821146344e+00
5.946932245502436487e+00
5.844855262905031879e+00
5.705656039389674916e+00
5.505444992247080727e+00
5.252636442947538065e+00
4.986051748227516178e+00
4.749865378171612917e+00
4.559359076903445995e+00
4.384424187718368060e+00
4.168492693901123758e+00
3.872120441522791001e+00
3.506787802964720591e+00
3.129327888007412017e+00
2.799743579649311087e+00
2.537328726553353508e+00
2.312198139067449087e+00
2.078270717714105764e+00
1.817168424157823869e+00
1.553986555403912062e+00
1.333123599562656691e+00
1.179261885312360425e+00
1.080181388724620994e+00
1.004526450755383049e+00
9.335887666784010719e-01
8.753979882468674312e-01
8.505070742050070409e-01
8.677653857589334718e-01
9.151969590028160573e-01
9.716490135904476411e-01
1.022886948849352162e+00
1.065008876746030841e+00
1.096277203024117908e+00
1.112320231144352078e+00
1.112761832165462872e+00
1.109221444898539133e+00
1.119005979153103070e+00
1.145029817764871893e+00
1.162946068869905369e+00
1.135314268010912730e+00
1.046133820568665662e+00
9.234512307321942615e-01
8.230853295051275831e-01
7.925942696351575556e-01
6.243969689568387160e-01
