6.713398720225131547e+04
7.093609342481286149e+04
7.495735810946316633e+04
7.920408714600148960e+04
8.368250232884589059e+04
8.839872744470446196e+04
9.335882858965810738e+04
9.856889098857765202e+04
1.040351034250495140e+05
1.097638179966616590e+05
1.157615572080628481e+05
1.220349507134621526e+05
1.285905986699009227e+05
1.354348763982565433e+05
1.425737134878562647e+05
1.500123944776307617e+05
1.577554304780328239e+05
1.658065361192765995e+05
1.741687154411978554e+05
1.828444237072276883e+05
1.918357441091551154e+05
2.011445103238745069e+05
2.107723203784238431e+05
2.207204176131857384e+05
2.309894495698849787e+05
2.415791454243559856e+05
2.524879712370106135e+05
2.637128276964445831e+05
2.752488473812791053e+05
2.870893295069108135e+05
2.992258229567180388e+05
3.116483382051017834e+05
3.243456416420124588e+05
3.373055673324435484e+05
3.505152746395968134e+05
3.639613859735322767e+05
3.776299559122939827e+05
3.915062492945573176e+05
4.055743397228349349e+05
4.198165781456883997e+05
4.342130179585904116e+05
4.487409092248585657e+05
4.633743798257782473e+05
4.780843982483220170e+05
4.928390614311753889e+05
5.076041813882041606e+05
5.223440736490527634e+05
5.370223986921873875e+05
5.516028897913035471e+05
5.660498226946804207e+05
5.803281384996741544e+05
5.944032058516382240e+05
6.082402831990235718e+05
6.218037995759517653e+05
6.350566035373758059e+05
6.479593327283655526e+05
6.604700350978287170e+05
6.725441330685373396e+05
6.841347698979680426e+05
6.951935186969403876e+05
7.056713760072598234e+05
7.155199122722249012e+05
7.246924203953605611e+05
7.331448982176268473e+05
7.408367238674263936e+05
7.477309314757677494e+05
7.537940605223865714e+05
7.589956236624557059e+05
7.633073030272991164e+05
7.667020328865634510e+05
7.691531493379857857e+05
7.706337810754483799e+05
7.711166186212467728e+05
7.705741362960509723e+05
7.689792604853545781e+05
7.663063939341413788e+05
7.625326368964664871e+05
7.576390083961101482e+05
7.516114736852891510e+05
7.444416255304330261e+05
7.361269359846055740e+05
7.266705755633192603e+05
7.160808720004699426e+05
7.043705383270977763e+05
6.915558321372722276e+05
6.776558120293685934e+05
6.626918353420395870e+05
6.466873989364588633e+05
6.296683695018730359e+05
6.116635903867745074e+05
5.927057977249015821e+05
5.728327391183502041e+05
5.520883709451687755e+05
5.305240180635651341e+05
5.081994079409441329e+05
4.851835299457041547e+05
4.615553081594679970e+05
4.374041043882421218e+05
4.128300842190806870e+05
3.879444843299575150e+05
3.628698164868499152e+05
3.377400349418803235e+05
3.127006810396736255e+05
2.879090040967649547e+05
2.635340445473479340e+05
2.397566577146049822e+05
2.167694567320973438e+05
1.947766604069889872e+05
1.739938420979174844e+05
1.546475831730557547e+05
1.369750360799262999e+05
1.212234025921474822e+05
1.076493477762497350e+05
9.651841644257595181e+04
8.810459543476469116e+04
8.269024238245531160e+04
8.056663523938489379e+04
8.203534947248753451e+04
8.741052661946663284e+04
9.702190733085981628e+04
1.112183447531629645e+05
1.303714254233763204e+05
1.548787925332845771e+05
1.851668138070015702e+05
2.216924089239217865e+05
2.649441514726772439e+05
3.154430969874752336e+05
3.737439653176507563e+05
4.404370712142621051e+05
5.161506130170001998e+05
6.015518447500674520e+05
6.973450364815206267e+05
8.042647362947169458e+05
9.230643100633056602e+05
1.054500461192813935e+06
1.199313927727151662e+06
1.358205832136478741e+06
1.531809127097622491e+06
1.720654989547656616e+06
1.925134430519149173e+06
2.145455715164440218e+06
2.381598417488226201e+06
2.633265180460777134e+06
2.899832694400920533e+06
3.180304050646273419e+06
3.473265290895055048e+06
3.776849449814889580e+06
4.088711599362661596e+06
4.406018391508883797e+06
4.725455423391168937e+06
5.043255407419114374e+06
5.355249533332082443e+06
5.656943454177112319e+06
5.943617959119097330e+06
6.210452651987448335e+06
6.452668970417394303e+06
6.665686862566931173e+06
6.845287631019588560e+06
6.987774105046685785e+06
7.090118629289083183e+06
7.150089504926067777e+06
7.166347530910518020e+06
7.138506092695087194e+06
7.067150653948223218e+06
6.953816273749989457e+06
6.800924624750933610e+06
6.611684670560486615e+06
6.389963457837298512e+06
6.140135221818706021e+06
5.866918068556760438e+06
5.575207801623214036e+06
5.269917981165733188e+06
4.955834095206156373e+06
4.637487939879035577e+06
4.319056186578110792e+06
4.004284943288208451e+06
3.696440159379652236e+06
3.398282165686367545e+06
3.112061564350069035e+06
2.839533062270852271e+06
2.581983588041740470e+06
2.340271037341942545e+06
2.114870170932772104e+06
1.905922495279754745e+06
1.713287367982601514e+06
1.536592071338675218e+06
1.375279153519636719e+06
1.228649893463993678e+06
1.095903239886636147e+06
9.761699574485600460e+05
8.685419667997799115e+05
7.720970097486923914e+05
6.859188508732457412e+05
6.091132886131654959e+05
5.408203189463128801e+05
4.802228726680849795e+05
4.265526134753767401e+05
3.790933163018954219e+05
3.371823336777468212e+05
3.002106094068734092e+05
2.676216312796754646e+05
2.389096439486595336e+05
2.136173759118191956e+05
1.913334696795568452e+05
1.716897416760276537e+05
1.543583446049002523e+05
1.390488684792085842e+05
1.255053997329740232e+05
1.135035542054956895e+05
1.028474999592477980e+05
9.336698665304423776e+04
8.491440465445327573e+04
7.736191548633780621e+04
7.059872285819725948e+04
6.452857556155104248e+04
5.906759107158367988e+04
5.414245365610085719e+04
4.968898485689561494e+04
4.565103309400982107e+04
4.197960443098178075e+04
3.863216005682544346e+04
3.557202102369378554e+04
3.276782901699512149e+04
3.019301075914117973e+04
2.782519674246029535e+04
2.564556696810232097e+04
2.363813661911426607e+04
2.178903564184143397e+04
2.008585739932486103e+04
1.851714469661218391e+04
1.707205447018130872e+04
1.574020946931925391e+04
1.451171491791677181e+04
1.337729166384436394e+04
1.232845685400837829e+04
1.135767763942132115e+04
1.045844181993355596e+04
9.625227373177174741e+03
8.853389813388959737e+03
8.139000701358389961e+03
7.478660335443271833e+03
6.869293230850405052e+03
6.307939036447726721e+03
5.791574164153098536e+03
5.317015634051982488e+03
4.880942412581540339e+03
4.480021658907345227e+03
4.111079184573670318e+03
3.771240920803863446e+03
3.458003175861962063e+03
3.169236262278219328e+03
2.903150974612493428e+03
2.658247550122761368e+03
2.433244062352528090e+03
2.226977286052599084e+03
2.038291181650802628e+03
1.865952003195030557e+03
1.708625892135476761e+03
1.564922978341884800e+03
1.433478529150516124e+03
1.313033421640553343e+03
1.202492829309771651e+03
1.100960104481144754e+03
1.007744453600367819e+03
9.223332836135585922e+02
8.443241576772300050e+02
7.733340371124879766e+02
7.089255075530187469e+02
6.505846991318511527e+02
5.977512159963662270e+02
5.498655230971484116e+02
5.063969150952659106e+02
3.179786679200263961e+02
2.657841398360665153e+02
