1.609712775464795242e-01
1.591829161918163482e-01
1.665214941358392209e-01
1.906739199805588814e-01
2.290624857528963110e-01
2.700283361064347853e-01
3.014241954612710273e-01
3.204281674616346609e-01
3.364760069443886170e-01
3.639693622850440069e-01
4.098047452332255758e-01
4.658923320701786053e-01
5.136280359765039716e-01
5.375604187342567508e-01
5.372835775228467226e-01
5.273991256487082779e-01
5.251524906824361905e-01
5.358631422435889968e-01
5.483022076455228433e-01
5.438395753573428415e-01
5.117147280041167701e-01
4.579904288348843888e-01
4.013750282645817125e-01
3.599558576181246528e-01
3.398155338928016134e-01
3.342237880131873617e-01
3.331104442416626399e-01
3.344252448776833253e-01
3.480825461048605018e-01
3.897020911012302191e-01
4.697018658549239056e-01
5.867704531786019917e-01
7.308203585380278478e-01
8.926448574978037565e-01
1.072107254674704802e+00
1.278000102536926530e+00
1.519480287110908767e+00
1.795731306247894121e+00
2.091988692437952047e+00
2.385314975758277001e+00
2.656277497311867464e+00
2.898328606580304889e+00
3.118240323000815106e+00
3.327220730427637552e+00
3.529015253855063872e+00
3.713776050710248189e+00
3.862793579652029408e+00
3.961463037065712012e+00
4.011408360885337032e+00
4.032549472983396832e+00
4.052838462515961915e+00
4.092596506839768722e+00
4.154738677311665462e+00
4.227973872200660566e+00
4.300332737324590759e+00
4.372616518668328567e+00
4.461532800653396968e+00
4.590097637046806511e+00
4.772269377010363023e+00
5.002822998672190380e+00
5.259559140285135825e+00
5.516235606984174922e+00
5.757327887572097680e+00
5.984712171979552409e+00
6.212079862047695578e+00
6.451387336828583230e+00
6.701169953118310652e+00
6.945250529061016920e+00
7.162982768218804530e+00
7.343825061189371617e+00
7.495836221772976593e+00
7.642089759755227085e+00
7.807727571943973821e+00
8.006800234779918313e+00
8.237482656518894331e+00
8.487618238680395777e+00
8.745271431397716455e+00
9.006363687223458925e+00
9.274667023810419408e+00
9.555242737646041817e+00
9.846501258533150391e+00
1.013620382993641300e+01
1.040368268878780711e+01
1.062668792544912577e+01
1.078878633980744084e+01
1.088326129156012101e+01
1.091181887687833729e+01
1.087972089111059226e+01
1.079118095399805632e+01
1.064840503224020374e+01
1.045471690681307031e+01
1.021890366405686201e+01
9.956829452971954098e+00
9.688426437943089553e+00
9.431767040009244596e+00
9.198176949451568163e+00
8.991528099233532245e+00
8.811745893288076559e+00
8.659687411967370352e+00
8.539973960342345904e+00
8.460184472413249779e+00
8.427388450482288462e+00
8.444464006553483060e+00
8.508308950872546461e+00
8.610563006269382313e+00
8.740012455930880719e+00
8.885244970944523146e+00
9.036402987718657798e+00
9.185594654321183938e+00
9.326184630466265446e+00
9.451572250363891925e+00
9.554162904292617498e+00
9.625113839710397912e+00
9.655141504520226903e+00
9.636280558352627423e+00
9.564106958298900452e+00
9.439732227343753834e+00
9.270938553352028322e+00
9.072119174853597201e+00
8.863061806121825370e+00
8.666887524985757096e+00
8.507539621492716364e+00
8.407139374110670360e+00
8.383407014038311900e+00
8.447300380940266251e+00
8.601086902609278440e+00
8.837179226727428727e+00
9.138122128644422304e+00
9.478023645477971826e+00
9.825453393300064064e+00
1.014745769659621999e+01
1.041400683347153233e+01
1.060203573612457362e+01
1.069832695687693302e+01
1.070076474949344458e+01
1.061784601125971150e+01
1.046665981189673467e+01
1.026978558763159555e+01
1.005169660096741069e+01
9.835290127280726935e+00
9.639101881821915185e+00
9.475611424223842505e+00
9.350831117920005653e+00
9.265119080507782101e+00
9.214893411312301552e+00
9.194703056711079014e+00
9.199022603623749461e+00
9.223270088823284141e+00
9.263884059490180789e+00
9.317687798386604214e+00
9.381020357462164228e+00
9.449127856317190322e+00
9.516124640880420316e+00
9.575557531896834007e+00
9.621341463050381293e+00
9.648685006438336487e+00
9.654674782896497831e+00
9.638416953205679150e+00
9.600876950501232798e+00
9.544637398393614802e+00
9.473695202177422559e+00
9.393289447102231904e+00
9.309711818239257752e+00
9.230064918101467342e+00
9.161898081529933791e+00
9.112566316010410006e+00
9.088165954429781479e+00
9.092140947994552747e+00
9.124087614507869759e+00
9.179619232840234844e+00
9.251968900200695956e+00
9.335124005170968076e+00
9.427089308625355102e+00
9.531257715087138038e+00
9.654567189809851513e+00
9.802983252927516489e+00
9.976727332633586798e+00
1.016821298395471551e+01
1.036430099723725284e+01
1.055194672370582154e+01
1.072413486030201391e+01
1.088259965282003705e+01
1.103559173489358791e+01
1.119188743799796981e+01
1.135452234784036385e+01
1.151789171345470564e+01
1.166980042066157708e+01
1.179713110585347557e+01
1.189186455475463333e+01
1.195424555866475202e+01
1.199158633132045182e+01
1.201336486720733987e+01
1.202490871756412005e+01
1.202268002741883457e+01
1.199387001855966695e+01
1.192139703520857807e+01
1.179251596983523775e+01
1.160635364392086011e+01
1.137514725935204751e+01
1.111731790450119917e+01
1.084630447150323640e+01
1.056306329049056103e+01
1.025845896771643595e+01
9.924675005513257986e+00
9.567241241849758993e+00
9.207549545176286543e+00
8.872172097095313958e+00
8.575748003033549338e+00
8.310452157995824152e+00
8.051238794303584356e+00
7.774128381497229512e+00
7.474014846921934740e+00
7.168061478613489967e+00
6.881777045486986211e+00
6.628605038450914755e+00
6.399012224710369345e+00
6.167439668699988609e+00
5.911484104675037266e+00
5.628614852138179359e+00
5.338341187526195242e+00
5.069170742730327639e+00
4.840571893890007971e+00
4.652504534416434190e+00
4.488331445641160045e+00
4.327341310644863270e+00
4.157887431563616509e+00
3.983618997979952336e+00
3.820427568815027541e+00
3.686392036206036948e+00
3.589679105346484267e+00
3.520587737348181090e+00
3.453280468645033352e+00
3.358474427823273434e+00
3.220906167235699336e+00
3.049776923566158260e+00
2.872896206138447983e+00
2.716473992534208293e+00
2.584612642568463681e+00
2.454854724511823072e+00
2.294886433291280170e+00
2.088498874186786480e+00
1.850194022798382187e+00
1.615900933645945114e+00
1.416783674996547449e+00
1.257836238011444729e+00
1.119254843682502498e+00
9.785954809527683818e-01
8.331444151906904905e-01
7.022701124420792640e-01
6.087955933293538457e-01
5.581219801881950326e-01
5.349035554308785301e-01
5.191186098230381463e-01
5.047823270134691453e-01
5.033719652296196889e-01
5.300452770468419006e-01
5.870115890521647728e-01
6.594675531526166257e-01
7.261531292170594343e-01
7.732552417982044846e-01
7.996023921974916293e-01
8.116104258415833828e-01
8.160931501423482892e-01
8.181274720501291453e-01
8.223772848020187709e-01
8.312128174030075645e-01
8.385086371213843481e-01
8.274874091570824097e-01
7.809706500047036704e-01
6.992755922603249852e-01
6.081386812996751878e-01
5.436132850865290633e-01
5.285250731385847667e-01
4.146686369209879319e-01
