1.082738298129675841e-01
1.060396479321022573e-01
1.087809396273744511e-01
1.242296319751575867e-01
1.532241280672405059e-01
1.886410430041099706e-01
2.204833247398645391e-01
2.437988932889142701e-01
2.632679580561969046e-01
2.902091678785173601e-01
3.335567251071878125e-01
3.916453881150364080e-01
4.517716909054735330e-01
4.986977853302503871e-01
5.258433104250381795e-01
5.401047135296738189e-01
5.558989848574225068e-01
5.827531263246608084e-01
6.163743126604459555e-01
6.407107421336570852e-01
6.397668427744137576e-01
6.099812933493306000e-01
5.633835118573496947e-01
5.190449967336399073e-01
4.896293725732013269e-01
4.736632160984209916e-01
4.594989571103388348e-01
4.375797021225611982e-01
4.110050486996794650e-01
3.958072380751950226e-01
4.106931903022011943e-01
4.646198893720221434e-01
5.524055595969170618e-01
6.619442440080313128e-01
7.867903997524980930e-01
9.331216307890111139e-01
1.114641856669788877e+00
1.339279046457795941e+00
1.598859630690977252e+00
1.870875072326025457e+00
2.131531390942226878e+00
2.369809883858776445e+00
2.591248212492850200e+00
2.808448217955866077e+00
3.026095458007237227e+00
3.232785763272143509e+00
3.406615235649580242e+00
3.530572944591100715e+00
3.605890410042252636e+00
3.652857114139201222e+00
3.698204974013172386e+00
3.758531283584090943e+00
3.832237477015782545e+00
3.905740889655031634e+00
3.968593813992878694e+00
4.025389925550533654e+00
4.095129602595132923e+00
4.198591522652756147e+00
4.343340658591028358e+00
4.517445634695016921e+00
4.696184383128916728e+00
4.856566623956892315e+00
4.989392458789399853e+00
5.100997745968443908e+00
5.204454639821627815e+00
5.307214633620446875e+00
5.404232878925945727e+00
5.481454010573945546e+00
5.527181730733532916e+00
5.543299098241812217e+00
5.548338684754295258e+00
5.570034869657781051e+00
5.632289864757386688e+00
5.745227978856952689e+00
5.904521442702755252e+00
6.099387221864404296e+00
6.322656688495992050e+00
6.575400672349731579e+00
6.863083137147544477e+00
7.186535436599982063e+00
7.534628262547050426e+00
7.884114956296704335e+00
8.207042800606643596e+00
8.481016208692940594e+00
8.695865447143997784e+00
8.852961957111794788e+00
8.958577916707403332e+00
9.016670481959026873e+00
9.026437590296067626e+00
8.986008304713621442e+00
8.898750871002526708e+00
8.776682506995165056e+00
8.637859775535639884e+00
8.499422569985943809e+00
8.371296127221174999e+00
8.254878211361779350e+00
8.147123549420273392e+00
8.046535636787451651e+00
7.956623992356064434e+00
7.884743494093507721e+00
7.837740372645034093e+00
7.817810245856168017e+00
7.821305112269115511e+00
7.840866719456005995e+00
7.869140163049293868e+00
7.901760057906866308e+00
7.938262194532672567e+00
7.981045697368401193e+00
8.033466806973352803e+00
8.098207116554213769e+00
8.176508742479530412e+00
8.268236971787544576e+00
8.372388501196521560e+00
8.487664556637938063e+00
8.612898411606540350e+00
8.747265632740058194e+00
8.890243023655227006e+00
9.041283365383904425e+00
9.199219722382851572e+00
9.361510744470965761e+00
9.523533773053259210e+00
9.678181823503921422e+00
9.816007376915326432e+00
9.926066396470400122e+00
9.997444213354899745e+00
1.002123237696155478e+01
9.992559460055741027e+00
9.912227674952594825e+00
9.787569152460088517e+00
9.632263279961243541e+00
9.465018647377455352e+00
9.307223107401586759e+00
9.179896540587032305e+00
9.100483410489490055e+00
9.080102355883266085e+00
9.121773750727017571e+00
9.219916155530212265e+00
9.361153897494384424e+00
9.526303262034209851e+00
9.693299671344487223e+00
9.840715520525018079e+00
9.951347935291970259e+00
1.001517997304813434e+01
1.003097265605352817e+01
1.000595283564974025e+01
9.953539814387779572e+00
9.889665842727426437e+00
9.828739839614055285e+00
9.780434187162603266e+00
9.748156316496821461e+00
9.729446897911110170e+00
9.717913677391287308e+00
9.705911547726410404e+00
9.687102137226393239e+00
9.658219322751435243e+00
9.619723943277779910e+00
9.575420728355553024e+00
9.531379571089132696e+00
9.494541585436156339e+00
9.471245870208331752e+00
9.465799169633227095e+00
9.479314850086312916e+00
9.509289512107192976e+00
9.550410430354702385e+00
9.596594522626503476e+00
9.643409932673696616e+00
9.689491403596385055e+00
9.735998048202455735e+00
9.784536840655654544e+00
9.835324318925934506e+00
9.887464477768030946e+00
9.941708856387515780e+00
1.000391808971268937e+01
1.008633104520538382e+01
1.020469071309705988e+01
1.037182628375453675e+01
1.059084635577306521e+01
1.085196888752831335e+01
1.113542590528644638e+01
1.141947586422903882e+01
1.168924995321844307e+01
1.194121500191950425e+01
1.218051144540973851e+01
1.241300969345262040e+01
1.263749893135657310e+01
1.284332464315450117e+01
1.301502640910157105e+01
1.314082358033124187e+01
1.321945073275137617e+01
1.326123307335099177e+01
1.328305449747566946e+01
1.330023056443103080e+01
1.331930139419406700e+01
1.333458742594516622e+01
1.332959432640636699e+01
1.328301992121524755e+01
1.317769785108666092e+01
1.300875664256154174e+01
1.278600060967337448e+01
1.252768001557248567e+01
1.224867491132425812e+01
1.195146372226022002e+01
1.162756724507194050e+01
1.126951132263330990e+01
1.088440295561439264e+01
1.049762060735997338e+01
1.014172880896121498e+01
9.837037788841978880e+00
9.577790419354871077e+00
9.335459776513017616e+00
9.078651681490693903e+00
8.795766616209336419e+00
8.502739328708965871e+00
8.228682902339455651e+00
7.990058698794049619e+00
7.774289874700889058e+00
7.546824749600292925e+00
7.276649572919733799e+00
6.960235814706209112e+00
6.625459688646182954e+00
6.313182613566049817e+00
6.051064729022394673e+00
5.838645041259718838e+00
5.652712971746095327e+00
5.466683405625051506e+00
5.268993489588288170e+00
5.068762932405821431e+00
4.887554115206270033e+00
4.744695666675498025e+00
4.644879917998951946e+00
4.573051030029857245e+00
4.498373806939533814e+00
4.387222338359738849e+00
4.221112853824934952e+00
4.009218264645868501e+00
3.783849424089985813e+00
3.577644930716476157e+00
3.397612801445265340e+00
3.217732280140066958e+00
2.998858775853168623e+00
2.721471141805387628e+00
2.404438254972431022e+00
2.093699185739801294e+00
1.829767972766182638e+00
1.620695513421233969e+00
1.442420660377144115e+00
1.265207234362662803e+00
1.082588168660718830e+00
9.172782426966648028e-01
7.994753728773049684e-01
7.385820269431236929e-01
7.153935413278027511e-01
7.015224253217934303e-01
6.859219172408494991e-01
6.821958162003318726e-01
7.109830497746296718e-01
7.767764264357600590e-01
8.619005302888536058e-01
9.406300037518637858e-01
9.967745288040412710e-01
1.028687684450756201e+00
1.042135814924797677e+00
1.043068967252565926e+00
1.037470503334104732e+00
1.033208656908579659e+00
1.035607332838303085e+00
1.038201499794548122e+00
1.020484638468431404e+00
9.613457702021220852e-01
8.607306139088197749e-01
7.489056829231192092e-01
6.689557660239560111e-01
6.497005293943983739e-01
5.110051416013551284e-01
