9.091294358238208306e-02
9.423737712138395561e-02
1.036057199888474473e-01
1.210339488061930452e-01
1.430022388984784898e-01
1.626590744885091644e-01
1.751682604028808876e-01
1.818945972228987740e-01
1.895732347320097932e-01
2.045794747508213052e-01
2.268029556894537169e-01
2.485016579855133245e-01
2.596548420107784305e-01
2.557393792674336197e-01
2.414209957325116895e-01
2.268314204672635670e-01
2.194015645426207750e-01
2.181488769695717478e-01
2.152845671177494313e-01
2.037026533024728081e-01
1.838827110445854229e-01
1.643774865589769929e-01
1.556840295989696532e-01
1.629028085854114516e-01
1.833930621418651541e-01
2.111751506082419905e-01
2.440869272588079841e-01
2.874831235012818009e-01
3.512440754186156311e-01
4.424279090831866879e-01
5.595035054274223318e-01
6.929143122603014238e-01
8.317639746091760600e-01
9.715962245497778982e-01
1.117267177099671160e+00
1.278488425309044274e+00
1.461054990666160514e+00
1.660052458586664059e+00
1.860081308475882267e+00
2.042654277137069485e+00
2.195900726421377236e+00
2.320094066181145553e+00
2.425399453336101629e+00
2.523555896427537082e+00
2.619276702483455566e+00
2.707258135725736814e+00
2.776844030258136087e+00
2.821204502084924570e+00
2.844772250428893035e+00
2.863714581794762903e+00
2.898812307313275660e+00
2.965292798603948565e+00
3.066388962077478908e+00
3.194962350639273918e+00
3.341933058832912362e+00
3.505383359159759848e+00
3.693616747678852175e+00
3.919722847498741558e+00
4.191316302987516451e+00
4.502668158944014287e+00
4.834879821724589632e+00
5.164224770441707690e+00
5.473226247931805233e+00
5.757254972049543618e+00
6.022520592736599454e+00
6.277130523181377875e+00
6.521539330120092792e+00
6.745149518209553108e+00
6.931705007731862267e+00
7.070094542557563422e+00
7.163307692340372235e+00
7.229333561089578808e+00
7.293179652037920846e+00
7.375170470471831052e+00
7.482993880987565127e+00
7.612030041859703111e+00
7.752646514200868921e+00
7.898695063269319583e+00
8.051344471622090992e+00
8.216179168751112982e+00
8.396145031835706263e+00
8.585346580741093803e+00
8.767776688222408410e+00
8.921842272268204255e+00
9.028132334413434990e+00
9.076132450426765530e+00
9.066390133435886511e+00
9.007494020755771658e+00
8.910423444236771573e+00
8.784240952169575678e+00
8.635682588330082510e+00
8.471967015778547605e+00
8.303624004477089926e+00
8.144356406711990459e+00
8.007630243462607211e+00
7.902478642216376414e+00
7.831561608543374575e+00
7.792554069909905401e+00
7.781303199006043947e+00
7.794120702993870609e+00
7.827719990563672958e+00
7.877443157499501858e+00
7.935719542705882645e+00
7.992296381308874764e+00
8.036292875331453089e+00
8.058859858783616659e+00
8.055027331652517830e+00
8.024057925145848813e+00
7.968552320448058168e+00
7.893044662183156923e+00
7.802767194768945203e+00
7.702926782989226062e+00
7.598529136921632343e+00
7.494626753525471585e+00
7.396796489229120475e+00
7.311588429638265829e+00
7.246637497056195087e+00
7.210182287341132756e+00
7.209944857834346799e+00
7.251615415873761350e+00
7.337397355318094228e+00
7.465089495012136034e+00
7.628024195160372223e+00
7.815927066191433958e+00
8.016496579948862333e+00
8.217282982442762673e+00
8.407347544165546083e+00
8.578269078583055318e+00
8.724327259711495586e+00
8.842025534149478005e+00
8.929369299504291035e+00
8.985377099393421219e+00
9.010150293386500309e+00
9.005517652366991754e+00
8.975922863865537948e+00
8.928987532013193729e+00
8.875194539664802207e+00
8.826431844630349133e+00
8.793607394583720094e+00
8.783992118994866871e+00
8.799178572824486011e+00
8.834439573878345442e+00
8.879819376917144069e+00
8.922631097728539018e+00
8.950484956210138066e+00
8.953866124233782031e+00
8.927681152150370281e+00
8.871784239221174317e+00
8.790854705113302359e+00
8.693960385306370497e+00
8.593863906364754612e+00
8.505848513548771805e+00
8.445728144397870452e+00
8.426919166800516336e+00
8.457066925700631899e+00
8.535447680754181476e+00
8.652519424740086507e+00
8.792117696807283167e+00
8.935360038466214405e+00
9.064504984622956840e+00
9.165508556015328878e+00
9.229276426626862317e+00
9.252405806846665470e+00
9.237960516013258072e+00
9.196017525896433398e+00
9.143172366621708846e+00
9.100222427295872052e+00
9.087810884674549783e+00
9.120891893862580702e+00
9.204217746872469519e+00
9.331628816985721997e+00
9.490497853080126944e+00
9.669395599660861151e+00
9.864207451466921128e+00
1.007831187976559306e+01
1.031646011681606900e+01
1.057684195149301409e+01
1.084760299169540154e+01
1.111116239911361880e+01
1.135404407689736139e+01
1.157562238101942675e+01
1.178936765104590201e+01
1.201495369059288087e+01
1.226580126792419456e+01
1.253989315481016398e+01
1.281955525559400932e+01
1.307987728365586122e+01
1.330000063860804538e+01
1.347044672493094986e+01
1.359318146339034605e+01
1.367603223546030478e+01
1.372583311177201892e+01
1.374407267800127563e+01
1.372631670491469436e+01
1.366459583360816410e+01
1.355141108931596960e+01
1.338426637183506962e+01
1.316926748630211108e+01
1.292130914338032710e+01
1.265871057406989486e+01
1.239362980563849348e+01
1.212449158540136906e+01
1.183792765431456750e+01
1.152180713931062783e+01
1.118099755384787564e+01
1.084234975776081988e+01
1.054159361069904577e+01
1.029927328991436575e+01
1.010389675923198283e+01
9.917539619911503124e+00
9.702565772777687059e+00
9.450308501384855120e+00
9.188640552608532630e+00
8.960424625595781123e+00
8.788178879805338184e+00
8.652836595991759694e+00
8.504610122865898347e+00
8.298589467183656865e+00
8.027589270910956643e+00
7.726900996488029527e+00
7.448155684808845045e+00
7.223383887991133179e+00
7.046207845728245545e+00
6.881725361683372455e+00
6.694374826399295486e+00
6.472016518419838604e+00
6.231129812326961392e+00
6.003766146988743557e+00
5.817846575967255518e+00
5.682271747434681330e+00
5.581929196845383245e+00
5.482991930323322549e+00
5.347484014765106153e+00
5.153216086365060455e+00
4.908962854346279769e+00
4.651892661642158977e+00
4.423222466912756445e+00
4.236191210641758076e+00
4.061777588512125448e+00
3.847648410528906382e+00
3.558929264785197333e+00
3.208444977593449821e+00
2.850009985863776407e+00
2.538713011049007484e+00
2.290998346307049349e+00
2.078196323594513117e+00
1.857993591746829320e+00
1.614908313238252013e+00
1.373735421016298197e+00
1.175810898813102856e+00
1.042357396126384339e+00
9.594362274137872015e-01
8.961520224961205816e-01
8.353842473272189428e-01
7.865889199248361496e-01
7.709655001404428498e-01
7.971713391708282748e-01
8.521902765165381144e-01
9.131028306441453246e-01
9.640616076332265694e-01
1.001318723975682889e+00
1.025997846770455135e+00
1.037959493176806358e+00
1.039169812560588602e+00
1.039286575712560223e+00
1.050536968864539622e+00
1.072042938925197975e+00
1.080813719003572482e+00
1.045467617076905720e+00
9.560271584119405253e-01
8.415349977691467531e-01
7.529241183421908623e-01
7.297733934789770727e-01
5.762867823814711299e-01
