1.242230232671428375e-01
1.226875860893946180e-01
1.263593582683721905e-01
1.448473635132116466e-01
1.789846480076226209e-01
2.193674928737270047e-01
2.535558196405214848e-01
2.763333208806859620e-01
2.941872373740328506e-01
3.198163450140508735e-01
3.610262205416612802e-01
4.132441704117709169e-01
4.619059509023253352e-01
4.928255672409599941e-01
5.022178933314151994e-01
4.984673273484733769e-01
4.944781763706713740e-01
4.969407097957150299e-01
5.010883555955638613e-01
4.948650955097797510e-01
4.688398692746499341e-01
4.238975982410893018e-01
3.709681365665487007e-01
3.236267738567088492e-01
2.897995804607247927e-01
2.689112599159152461e-01
2.560333379762640971e-01
2.490688343265082538e-01
2.530099000928871522e-01
2.780001652540737278e-01
3.329343197258390341e-01
4.197865390119778772e-01
5.332445633039850641e-01
6.659664896824847302e-01
8.150305813017568735e-01
9.837663704744467053e-01
1.176729499050030769e+00
1.391605739975580125e+00
1.615143330828837209e+00
1.827424254130807890e+00
2.011838735375610199e+00
2.163052269885172407e+00
2.286685793917560439e+00
2.391194576231386648e+00
2.478671074670154795e+00
2.541881257106910486e+00
2.569680212297117183e+00
2.556486866405919933e+00
2.508652192296844330e+00
2.443057516056684975e+00
2.378948843092949517e+00
2.328735096581140862e+00
2.294054616295818416e+00
2.269557615135442408e+00
2.251307770952591270e+00
2.243419026334690702e+00
2.257914765769507337e+00
2.307862943011806500e+00
2.398850767750137170e+00
2.525053100934303796e+00
2.672679283515268178e+00
2.828200642792500386e+00
2.985549653080469046e+00
3.147611523216216067e+00
3.321584634369539657e+00
3.511905437153577836e+00
3.715734430337690242e+00
3.924022331727154977e+00
4.127470623750321366e+00
4.323562987855499529e+00
4.520068127657891566e+00
4.732488856595372440e+00
4.976729090359040875e+00
5.261445011118172310e+00
5.584922485993399022e+00
5.938375988477462286e+00
6.313165184897612470e+00
6.706694973736228249e+00
7.122761642458145914e+00
7.566145440632440433e+00
8.035350383908866689e+00
8.518594887813110361e+00
8.995759394696468902e+00
9.444914102016419122e+00
9.849186976929670934e+00
1.019987056558406735e+01
1.049444103584637666e+01
1.073157874209240426e+01
1.090710715083906557e+01
1.101388727990416960e+01
1.104574538422362373e+01
1.100248662222117169e+01
1.089210557808799784e+01
1.072822645840106048e+01
1.052429384180215699e+01
1.028851899972579353e+01
1.002314379999079996e+01
9.728496413189327896e+00
9.408905613966698667e+00
9.076347173673964264e+00
8.749476160646013412e+00
8.448951275614115630e+00
8.192237256908493137e+00
7.990909763989780146e+00
7.851345337648941936e+00
7.777335505446179020e+00
7.772227358516074602e+00
7.838995416329109567e+00
7.978277788916155799e+00
8.185626133240477387e+00
8.449400852463748279e+00
8.750136203144631253e+00
9.061475159556771075e+00
9.352407366515144815e+00
9.590536891119270990e+00
9.746158714360140252e+00
9.796790786818871055e+00
9.731515993802773323e+00
9.554252658725033598e+00
9.285081909614213203e+00
8.959037521695016437e+00
8.622206138024170130e+00
8.325485414467475920e+00
8.116841298830790308e+00
8.033329757330628595e+00
8.094395643296310894e+00
8.297909024525452537e+00
8.619978926914290795e+00
9.018834527533176271e+00
9.442139645148104776e+00
9.836252639845659118e+00
1.015542510763558859e+01
1.036893249867831912e+01
1.046466966276565991e+01
1.044867581859593031e+01
1.034111272810610416e+01
1.017009777541764848e+01
9.965211553287849355e+00
9.752318316576840118e+00
9.550662285789774941e+00
9.372359874686797099e+00
9.223746361109309788e+00
9.107706635705355325e+00
9.026059159170062074e+00
8.981172869039404816e+00
8.976278299158597207e+00
9.014392112967732018e+00
9.096273056060161011e+00
9.218153050019719075e+00
9.370063247541825291e+00
9.535500348446975138e+00
9.692996287879243056e+00
9.819708985556308889e+00
9.896341959168479363e+00
9.911846129008754502e+00
9.866106337347137156e+00
9.769543324880158863e+00
9.639913394994502838e+00
9.497720073001270080e+00
9.361937419457209586e+00
9.247206341152780951e+00
9.162806139274898953e+00
9.113043103223635200e+00
9.098461752834063887e+00
9.117371955068117373e+00
9.167323432654582049e+00
9.246153599224264497e+00
9.352181985130302522e+00
9.483351275889662091e+00
9.635782874229130712e+00
9.802954210540892888e+00
9.976762833286718646e+00
1.015066706876974933e+01
1.032336070890209889e+01
1.050034159625995578e+01
1.069144402896441903e+01
1.090489209975877216e+01
1.114116830672343106e+01
1.139088332668601922e+01
1.163881100787463296e+01
1.187231041706635537e+01
1.208907706745768529e+01
1.229895767813372487e+01
1.251788574948777466e+01
1.275690502073040200e+01
1.301262433028263032e+01
1.326504270504624650e+01
1.348459865137575342e+01
1.364492831035026299e+01
1.373435507061996574e+01
1.375963568760390920e+01
1.373972146609473377e+01
1.369294155099944810e+01
1.362496634548175400e+01
1.352485219931292981e+01
1.337210781373004842e+01
1.315115017394407104e+01
1.286445571711186986e+01
1.253562249712155463e+01
1.219931501136625407e+01
1.188367136571616989e+01
1.159655120104422998e+01
1.132530473615025457e+01
1.105070925396958970e+01
1.076524692698979990e+01
1.048194299668800333e+01
1.022639391840462331e+01
1.001732576591532364e+01
9.850394238522122592e+00
9.698180415233300877e+00
9.527196615128735502e+00
9.319477513254577516e+00
9.082559080982170130e+00
8.840509635178424475e+00
8.613223108965391006e+00
8.399983340298936341e+00
8.179673942837299094e+00
7.927127125019062248e+00
7.633097481731553557e+00
7.313104236592068652e+00
6.998955961427511419e+00
6.719239591510409504e+00
6.482337430924661525e+00
6.273093426381861626e+00
6.064666515084606857e+00
5.837303261685704570e+00
5.591801604873086973e+00
5.349052926422906751e+00
5.135621142758136415e+00
4.964035297586684159e+00
4.820580412112132507e+00
4.669936909299069683e+00
4.475746367936194403e+00
4.224556769580353865e+00
3.935990638938508646e+00
3.649809263629172573e+00
3.397306205365127951e+00
3.177953723538884834e+00
2.960349078081099261e+00
2.708419639170591697e+00
2.412953349784547896e+00
2.102632907095532744e+00
1.824519573346766288e+00
1.609425852582725858e+00
1.451094491369079531e+00
1.316821403284168968e+00
1.179864465828250220e+00
1.044618954016575119e+00
9.420949026989876574e-01
9.003819573820082134e-01
9.176607268242300552e-01
9.624802024274795587e-01
1.000258107522331796e+00
1.020936522238109712e+00
1.042970909883417452e+00
1.091913844465316474e+00
1.174701474700830417e+00
1.272210188933495800e+00
1.353733086202321578e+00
1.397797007927524815e+00
1.401834797343836092e+00
1.377107806507934518e+00
1.338487023250351626e+00
1.298588881270285489e+00
1.266011163548796725e+00
1.241897461814158721e+00
1.214823913543848555e+00
1.162676887277100279e+00
1.067862387017904702e+00
9.372919674835563653e-01
8.069506034058113730e-01
7.195133762973950908e-01
6.963277652297266140e-01
5.410544339656672141e-01
