7.286778289034820388e-02
8.288284102867295167e-02
8.962878010573620269e-02
9.465583580566672151e-02
1.009619839581321205e-01
1.102760957839312300e-01
1.214839503850780322e-01
1.315552083692811125e-01
1.382138876968360963e-01
1.419928358617618958e-01
1.457519054012111903e-01
1.520410662416300518e-01
1.607535950897566734e-01
1.692652824520297361e-01
1.748773268494021316e-01
1.772257811201428113e-01
1.784645312005183615e-01
1.811894737397669597e-01
1.860846391244197484e-01
1.913522293648125261e-01
1.942915488424691028e-01
1.935554581536596264e-01
1.901593147475094114e-01
1.864808018566657677e-01
1.842119775949654092e-01
1.830635404481562034e-01
1.812872724046831752e-01
1.774381105434125194e-01
1.717322815280775405e-01
1.658323525973617873e-01
1.613916531173115732e-01
1.587516005091848537e-01
1.568759293065699334e-01
1.543918812876816093e-01
1.507123600464981839e-01
1.463341945919455489e-01
1.422191424767625112e-01
1.388772181752621349e-01
1.358974001568989398e-01
1.322491520045718794e-01
1.270746729782018525e-01
1.203346219233179665e-01
1.128157298024367594e-01
1.055397742439724007e-01
9.908248995679955207e-02
9.332698248508518313e-02
8.777348840769873262e-02
8.209343993544693241e-02
7.648322522039265048e-02
7.156580194281703111e-02
6.792226577213399119e-02
6.560653207516863039e-02
6.403782668206987883e-02
6.239775446147009796e-02
6.022873485362754964e-02
5.771341530022147670e-02
5.537758774422354285e-02
5.350181448365795567e-02
5.180921638095159487e-02
4.971507735794218619e-02
4.687072789496281311e-02
4.348043793114639982e-02
4.013712788074984966e-02
3.738318925386048541e-02
3.539320871525377527e-02
3.398335209364093668e-02
3.284705004479993723e-02
3.180983816988240676e-02
3.089781364940066485e-02
3.029119690087008973e-02
3.013440308474406304e-02
3.044726563646316456e-02
3.115005366780296964e-02
3.213966904075597764e-02
3.337912215676278049e-02
3.490606644104417983e-02
3.678154463156394632e-02
3.903011035301155035e-02
4.162162150522033532e-02
4.446263256262434488e-02
4.748228640194537137e-02
5.070844439751725358e-02
5.426402205218298219e-02
5.828973816310540484e-02
6.283638735873398051e-02
6.779658883536696101e-02
7.291298909597149214e-02
7.785246317301192098e-02
8.231152018474030552e-02
8.610866923673424211e-02
8.922416400942680126e-02
9.177629733124187394e-02
9.396692094908294657e-02
9.604434102013474639e-02
9.829920277506201676e-02
1.010683439128523958e-01
1.047189924096600666e-01
1.096102218723628563e-01
1.160415206590023202e-01
1.241979795780293605e-01
1.341105127715628287e-01
1.456576830300083114e-01
1.586142988869803649e-01
1.727157861486069423e-01
1.877034861994037740e-01
2.033476661079388070e-01
2.194652693564952128e-01
2.359399103053934632e-01
2.527456300814914791e-01
2.699859354937579337e-01
2.879474912829825817e-01
3.071220024570144314e-01
3.281311994427352219e-01
3.515487372144744938e-01
3.777042909840029328e-01
4.065913967746866975e-01
4.379557028113660877e-01
4.715527596383746745e-01
5.074711155824608300e-01
5.463466655800326421e-01
5.893033380425806156e-01
6.375843241094971692e-01
6.920310800051436839e-01
7.526878682808554322e-01
8.187626378105417047e-01
8.889868243317172736e-01
9.622006200114479046e-01
1.037870180224946370e+00
1.116293186045575370e+00
1.198444927818657302e+00
1.285630073471862422e+00
1.379190429320004574e+00
1.480433856069475196e+00
1.590774058325982843e+00
1.711921814862597202e+00
1.845923173065171952e+00
1.994918152898181418e+00
2.160642903068092036e+00
2.343813419692281741e+00
2.543551837794245873e+00
2.757019599698433687e+00
2.979500667351122623e+00
3.205244544139242535e+00
3.429186912488884520e+00
3.649132117612134074e+00
3.867420681640097335e+00
4.091031265481821499e+00
4.329735519539127608e+00
4.593053735899026435e+00
4.887643113553231444e+00
5.216673365683520025e+00
5.581509676004330345e+00
5.984299146625848387e+00
6.429123371609153814e+00
6.920182991492392688e+00
7.457682688070280008e+00
8.034097910212292248e+00
8.633689704946037935e+00
9.236188703591258431e+00
9.822849642411945581e+00
1.038156271260661612e+01
1.090846778571149223e+01
1.140591471483608998e+01
1.187885222668426621e+01
1.233229704251705172e+01
1.277132955774211709e+01
1.320324023674280056e+01
1.364024094233651141e+01
1.410088010698212635e+01
1.460857477188629439e+01
1.518634723387721408e+01
1.584835374770051963e+01
1.659122036312259496e+01
1.739023717219079046e+01
1.820473979975006529e+01
1.899230844734380241e+01
1.972484687082341992e+01
2.039615573217786348e+01
2.101445679927364196e+01
2.158349648097269835e+01
2.208550816178619058e+01
2.248028159798319336e+01
2.272432987558942230e+01
2.279907996401376735e+01
2.272856825026390837e+01
2.257282726559009589e+01
2.239992339930060794e+01
2.225525395592342548e+01
2.214908992658208220e+01
2.207006378596567941e+01
2.201301057979794962e+01
2.199880515660321478e+01
2.206988079742276199e+01
2.226362461155897421e+01
2.258307108525833229e+01
2.298731990529341473e+01
2.341032149274504093e+01
2.379587736276441490e+01
2.412408401183840922e+01
2.440973244959342026e+01
2.467337399221412753e+01
2.490674284135631567e+01
2.506033814648363034e+01
2.506639634391931892e+01
2.488433071555981968e+01
2.453661258903318299e+01
2.410624106579256676e+01
2.369246561941010043e+01
2.335250642310435865e+01
2.307075299669245538e+01
2.278080926762654101e+01
2.242836046826842633e+01
2.202999389570461020e+01
2.168064744200836103e+01
2.149642474433178307e+01
2.152877307178517796e+01
2.171381361930749421e+01
2.190143497229926695e+01
2.195091821477768335e+01
2.182484166166928929e+01
2.160672827194813905e+01
2.142237633414182341e+01
2.132209311171425981e+01
2.121836032491152224e+01
2.093473361176397063e+01
2.033296312292365826e+01
1.941847600352341630e+01
1.833818915792624082e+01
1.727125262256052451e+01
1.630110359288014266e+01
1.537135024859032129e+01
1.435665851306628227e+01
1.318502114117208635e+01
1.191011037440339315e+01
1.067995187149390546e+01
9.634984160697667832e+00
8.819984870477453498e+00
8.173441157591939898e+00
7.591659224586001287e+00
7.011503894194712316e+00
6.451717636281158796e+00
5.990085220845645431e+00
5.698360782135653224e+00
5.581073077551042871e+00
5.559747146291439179e+00
5.515889094095195233e+00
5.367111150198047298e+00
5.122711492621528251e+00
4.872271916649624224e+00
4.708611018835277662e+00
4.643285382085708513e+00
4.587553683415418249e+00
4.421284690834825781e+00
4.094308376934268523e+00
3.671159207515088951e+00
3.278109207717484708e+00
2.999993014543260283e+00
2.819442561964796479e+00
2.648751897911032049e+00
2.417081375617353700e+00
2.129373153213468761e+00
1.849791257069731465e+00
1.638263831326914444e+00
1.505471713298866199e+00
1.419854614680613469e+00
1.344108056533010798e+00
1.259577396949125294e+00
1.164924476071597548e+00
1.066932707970185135e+00
9.789194860016866562e-01
9.189152156522494286e-01
8.950176369114318797e-01
8.965479423739458609e-01
7.166032201415724057e-01
