1.397629200583796472e-01
1.379565362304603360e-01
1.438102505229800765e-01
1.659256747585417247e-01
2.029657104035640369e-01
2.437947958710320329e-01
2.758406066103631371e-01
2.954505271184449944e-01
3.114720398409686064e-01
3.382700615218455775e-01
3.832565215567288464e-01
4.392081869979924114e-01
4.883012161970142206e-01
5.152279071714345182e-01
5.189025932195825419e-01
5.129660988923985254e-01
5.143317374355586002e-01
5.289773755167995750e-01
5.466591122926486301e-01
5.489901227937221684e-01
5.243772631506443682e-01
4.777616595879550232e-01
4.274962523738145004e-01
3.922193812626151854e-01
3.784962005599692425e-01
3.789681025073796672e-01
3.819445559425415082e-01
3.841749477401437129e-01
3.963058970371675094e-01
4.367383558094500295e-01
5.190048822386367222e-01
6.428755697595456287e-01
7.962894548926912064e-01
9.664665065639225228e-01
1.151082143763419996e+00
1.360120466876823864e+00
1.606358112596015131e+00
1.891724620008971458e+00
2.200574768889231869e+00
2.505877422369513496e+00
2.784243914119531205e+00
3.028609110880702726e+00
3.248990798725619467e+00
3.460846141195222270e+00
3.669979809902966572e+00
3.865517243758997079e+00
4.026378683320604779e+00
4.136670120623890057e+00
4.198805172835331945e+00
4.234673689308337430e+00
4.273662743911678774e+00
4.335791314306293387e+00
4.421866739381162148e+00
4.517621289423379594e+00
4.608614119250880492e+00
4.694671991617190621e+00
4.792861719530728593e+00
4.926477118720968384e+00
5.107996510671605428e+00
5.328519007890176518e+00
5.561426975770948467e+00
5.777656645589953399e+00
5.961774099958571327e+00
6.117885613004807155e+00
6.261987782512012934e+00
6.406955840317413831e+00
6.551223947130516478e+00
6.679220327153168490e+00
6.773139866752467597e+00
6.827643424039599118e+00
6.857072912741524640e+00
6.890079141965586018e+00
6.955362336735476880e+00
7.068223604535528004e+00
7.226587177691614627e+00
7.418058839403549598e+00
7.631838720695590439e+00
7.866529124726308275e+00
8.128669498716766029e+00
8.423877669798203627e+00
8.747486286959828661e+00
9.081330816441848697e+00
9.398697883672701536e+00
9.674011930771413859e+00
9.891195987821081559e+00
1.004609070586667663e+01
1.014249772693534091e+01
1.018547125558083799e+01
1.017684525150212060e+01
1.011588959994956305e+01
1.000397786338984751e+01
9.849115550560734178e+00
9.666353354889245963e+00
9.473339473117055931e+00
9.284027975219585116e+00
9.104925848156199208e+00
8.936250216807209767e+00
8.776694537307001553e+00
8.628069829385752953e+00
8.496591787878157831e+00
8.390317369123767577e+00
8.314929085535837316e+00
8.270839117069863633e+00
8.253258144180659173e+00
8.254759642649860396e+00
8.268518472776948514e+00
8.290466347698661309e+00
8.319642173986485645e+00
8.357106266856806798e+00
8.404304781038248962e+00
8.461674999474277925e+00
8.527907986036391108e+00
8.599952785612218875e+00
8.673653792775462890e+00
8.744793979384075655e+00
8.810212635223670929e+00
8.868616918805972915e+00
8.920794206592946196e+00
8.969165775021151532e+00
9.016894096935075709e+00
9.066916051482721173e+00
9.121243207994922386e+00
9.180686715902917072e+00
9.244943452083562718e+00
9.312836567447499547e+00
9.382495570386609529e+00
9.451373156677135512e+00
9.516155708214935061e+00
9.572743092490078709e+00
9.616491785961327921e+00
9.642828172929903019e+00
9.648187891567125973e+00
9.631084724390303720e+00
9.593014865125432777e+00
9.538891785155986014e+00
9.476787104785714178e+00
9.416904412736178287e+00
9.369901694005099202e+00
9.344860771533490151e+00
9.347332011696954268e+00
9.377919271492311637e+00
9.431794642736717194e+00
9.499354176276820994e+00
9.567974217400335490e+00
9.624544182926307201e+00
9.658197572107582118e+00
9.662538272636306047e+00
9.636768444805777989e+00
9.585476681231039464e+00
9.517282789930758824e+00
9.442820347720317642e+00
9.372560534138337118e+00
9.314858725250736882e+00
9.274526511937599693e+00
9.252215256855260250e+00
9.244786716819042738e+00
9.246554551054899207e+00
9.250958244905636008e+00
9.252123140246586885e+00
9.245935452318992276e+00
9.230555885022315721e+00
9.206509987886873247e+00
9.176559513119419975e+00
9.145503336036160391e+00
9.119898065117183705e+00
9.107466138267088951e+00
9.115837422636783316e+00
9.150500910831929957e+00
9.212504235956904708e+00
9.297172162253728445e+00
9.395213657708790578e+00
9.496549820305126843e+00
9.595371275117191345e+00
9.693570758953047317e+00
9.800081115210717897e+00
9.925936050966566171e+00
1.007769443894041039e+01
1.025323177719459622e+01
1.044267622567980425e+01
1.063408576696771490e+01
1.082035599527863035e+01
1.100290858987270504e+01
1.118968181548798668e+01
1.138861975202179444e+01
1.160079271602202944e+01
1.181748209965422092e+01
1.202294458891412177e+01
1.220100657418429435e+01
1.234152160093514361e+01
1.244322896252256783e+01
1.251196629263961491e+01
1.255569022629641474e+01
1.257891602423162603e+01
1.257892548303595071e+01
1.254528670195743523e+01
1.246337518354230944e+01
1.232118868017104774e+01
1.211647850534195037e+01
1.185951058461831131e+01
1.156821325092485075e+01
1.125768586613669342e+01
1.093149303725472699e+01
1.058245144620080147e+01
1.020389226628810775e+01
9.803291873142571333e+00
9.406531230887273054e+00
9.047011955084517609e+00
8.745732034780884234e+00
8.496991189756711194e+00
8.271981817136532911e+00
8.039551510345612328e+00
7.789302787037411413e+00
7.538771287312957092e+00
7.317988487488126026e+00
7.142957568603931051e+00
6.999319909842780518e+00
6.849884140680540412e+00
6.660590966730808304e+00
6.424794265958618134e+00
6.167456446207537191e+00
5.926921758072700719e+00
5.728777423378183187e+00
5.570874955661640371e+00
5.428648268977168456e+00
5.274555068592966300e+00
5.096766203771908366e+00
4.905304447957729685e+00
4.724065138510120221e+00
4.575640487341606999e+00
4.467726443294528060e+00
4.387097049300905383e+00
4.303838051434950351e+00
4.185375335457290014e+00
4.014828639771648611e+00
3.802734428867432293e+00
3.581619924613384409e+00
3.383504572428912116e+00
3.215117636305387272e+00
3.050877773197641307e+00
2.851710560902687597e+00
2.596585865297716733e+00
2.301561660111636431e+00
2.010018714417099783e+00
1.761341671451313928e+00
1.563680692903719915e+00
1.393303180454069423e+00
1.220294745894514143e+00
1.037435868394714467e+00
8.666109681635045803e-01
7.379757227723341417e-01
6.623423741677256782e-01
6.228925117274554113e-01
5.929105405311110299e-01
5.610237047389511345e-01
5.393854145694885194e-01
5.484225189509777110e-01
5.946653538957705765e-01
6.628953563337949273e-01
7.277712318739654185e-01
7.716153202033740888e-01
7.923624351340132765e-01
7.983786068106260014e-01
7.992539149885812266e-01
8.014869484620025242e-01
8.086340539632882463e-01
8.199375273220943505e-01
8.263155155151017395e-01
8.107434610285899623e-01
7.592259967365598827e-01
6.766093541102606856e-01
5.910749180488856780e-01
5.369849058293443278e-01
5.318231213718774830e-01
4.226676990964216563e-01
