9.718199101151306363e-02
9.361795220922768113e-02
8.458457916807081423e-02
7.298921058834791087e-02
6.185648872656859115e-02
5.245647172937621672e-02
4.471164325033284703e-02
3.843097481047929448e-02
3.373355631931845150e-02
3.062293130680888292e-02
2.869744280253441401e-02
2.751215994830834982e-02
2.714060109850576982e-02
2.818900070287267551e-02
3.107288630922300232e-02
3.519231099332965906e-02
3.895509434053023162e-02
4.091506630107678150e-02
4.105314588460658165e-02
4.077724457292198484e-02
4.140927070446551173e-02
4.270297141017957709e-02
4.313155313446867534e-02
4.172847442711336008e-02
3.933773287106809985e-02
3.772453369629980013e-02
3.760840611930288402e-02
3.809335329967599576e-02
3.826107117880134939e-02
3.890136136314287923e-02
4.204714314864319707e-02
4.865047789736384048e-02
5.708105716182718115e-02
6.426949644225367353e-02
6.836990656393582277e-02
7.026269799981525732e-02
7.256831505982749841e-02
7.726438645415820150e-02
8.401707633897786964e-02
9.047102380384389186e-02
9.416523257554475224e-02
9.459264463475926255e-02
9.375574629551207406e-02
9.461528291229469312e-02
9.861329141751477845e-02
1.044853389855324582e-01
1.095559729365303131e-01
1.123195959092467416e-01
1.137726731062575214e-01
1.162250407000660207e-01
1.208996628833230169e-01
1.267652085779107096e-01
1.316169874358044112e-01
1.341317742477965147e-01
1.348930038845277957e-01
1.356706735846660017e-01
1.378970830896104061e-01
1.417082446240306437e-01
1.461409874078979654e-01
1.501281582681996130e-01
1.534991684241365506e-01
1.572727990439816148e-01
1.629927621456027098e-01
1.715628948128285480e-01
1.825140356795948160e-01
1.943244501465616891e-01
2.054772818646921906e-01
2.152992734416428189e-01
2.239404916313812999e-01
2.317152547981800315e-01
2.385033668668318507e-01
2.436651223795768539e-01
2.464060614103122104e-01
2.462603193874363383e-01
2.434027361668789635e-01
2.386456088864477576e-01
2.331306334424146642e-01
2.278937104896503751e-01
2.235783602417512617e-01
2.204755365636109632e-01
2.188013725424312328e-01
2.189117536838976752e-01
2.212076190715226709e-01
2.257842312629871617e-01
2.321468510913068384e-01
2.392807100064814063e-01
2.460481474229311016e-01
2.516118898475251942e-01
2.556207995505981878e-01
2.581560178956479601e-01
2.596075808074271296e-01
2.605907233445773907e-01
2.618777495755387763e-01
2.643064077932664180e-01
2.686945456443314839e-01
2.757916619995383067e-01
2.862184286053052196e-01
3.003209964385174513e-01
3.179624807271447806e-01
3.383833289294735924e-01
3.602551568988792141e-01
3.819387336340431816e-01
4.018344757980261694e-01
4.187009673919518948e-01
4.318874585752379147e-01
4.413112811568702387e-01
4.475030844778121186e-01
4.517305476266584296e-01
4.554912227359622645e-01
4.603272780783332907e-01
4.677531228886585013e-01
4.791024390608955574e-01
4.953783550308302752e-01
5.171194102446312613e-01
5.442846883952361381e-01
5.761488459422726693e-01
6.112856488896115659e-01
6.476751796790976012e-01
6.829652419777175743e-01
7.148739223542112109e-01
7.415930015897510552e-01
7.622400978440829755e-01
7.771130439206156426e-01
7.875966966828077398e-01
7.956620568046020026e-01
8.034526985590805248e-01
8.132685742935213957e-01
8.266418766747986036e-01
8.442315363166378317e-01
8.663664886692594713e-01
8.933603217372005911e-01
9.259148421752928515e-01
9.651375014470418012e-01
1.012216308936779274e+00
1.067877754740102381e+00
1.131849755500299093e+00
1.202541591947498212e+00
1.277092383133074938e+00
1.351866944862217590e+00
1.423412888791390385e+00
1.489734388056042746e+00
1.551430073933519838e+00
1.611950840663100015e+00
1.676324984657120654e+00
1.748441936845578581e+00
1.828153851217933834e+00
1.910226835411359403e+00
1.986634348737356115e+00
2.051683050329132119e+00
2.107111824742615713e+00
2.163469349753813997e+00
2.235936416418850214e+00
2.336541063781891303e+00
2.467797430972948902e+00
2.622512899355175175e+00
2.790420570577641701e+00
2.967057978740105018e+00
3.157997212850154334e+00
3.374416195325440349e+00
3.622399332786156556e+00
3.893549742806682534e+00
4.164343271509231670e+00
4.405966110664020441e+00
4.599147332397317101e+00
4.744809873138815526e+00
4.863672154032972372e+00
4.984658673575455445e+00
5.128978914031573133e+00
5.299896559688196618e+00
5.485404757921690688e+00
5.673084020319909548e+00
5.867378471728842193e+00
6.095440270859215914e+00
6.393213205821790091e+00
6.777301026514415128e+00
7.221587667559728807e+00
7.658949857953690987e+00
8.012971482919020616e+00
8.241216541319099420e+00
8.358791604848146761e+00
8.422067466604529429e+00
8.482328073021749404e+00
8.544928944714792252e+00
8.568544538162086610e+00
8.509005900037644565e+00
8.375518304437409967e+00
8.253557800153265234e+00
8.271084466809364599e+00
8.527266750426921504e+00
9.033573565814945638e+00
9.711670914432245283e+00
1.045293881012692871e+01
1.119789207642383566e+01
1.197479599011941076e+01
1.286283480821471414e+01
1.390198058638844358e+01
1.501866907553672448e+01
1.603366319814983498e+01
1.675983086358564833e+01
1.712308192890131053e+01
1.721084349673168745e+01
1.720159284301043812e+01
1.722451282810074247e+01
1.726218792302143612e+01
1.718103224975022059e+01
1.686921461815133938e+01
1.636669106383373062e+01
1.587227680125778662e+01
1.561453717787917483e+01
1.569126765686109870e+01
1.601210361282095107e+01
1.639152061030397789e+01
1.671074422171129115e+01
1.701021415406188453e+01
1.743788518025325374e+01
1.810379495266517935e+01
1.896735257744572678e+01
1.984906304283548195e+01
2.055095585693591431e+01
2.098553503169475221e+01
2.121674801163263169e+01
2.139280145963266122e+01
2.163012341024397145e+01
2.193292170387574558e+01
2.219841985375012072e+01
2.229871601031774020e+01
2.218412944257955388e+01
2.193971810132331868e+01
2.175092200828115452e+01
2.178946299052504898e+01
2.209170840489216303e+01
2.252438739338628082e+01
2.288208888252872342e+01
2.305646433538841933e+01
2.313963436619087233e+01
2.335697821054751344e+01
2.386438635560099186e+01
2.457952036762488035e+01
2.521150283603362041e+01
2.548761597904329435e+01
2.538631752207116676e+01
2.515701976526942119e+01
2.508872191618522152e+01
2.522778645786405249e+01
2.531134217074634662e+01
2.499538869089527893e+01
2.417787061180740338e+01
2.311293494262203652e+01
2.219683530797277982e+01
2.161569683771684680e+01
2.118501517269036327e+01
2.053679374636844912e+01
1.948055590587268426e+01
1.819552589407636489e+01
1.707117634466628786e+01
1.635114755254080876e+01
1.592292030835035810e+01
1.544920079276763758e+01
1.470225608202591694e+01
1.377078374238041469e+01
1.294662194609242256e+01
1.242123448691875787e+01
1.210298733656546588e+01
1.172933019599102522e+01
1.114230406971882559e+01
1.043720628861208688e+01
9.838961270196556086e+00
9.449337265461828395e+00
9.137624259367953528e+00
8.687680833517307022e+00
8.039255530734122246e+00
7.362231936470664095e+00
6.980299400313981550e+00
5.421883212733619395e+00
