2.432716768449140380e+23
2.685319391922575670e+23
2.963234862331160439e+23
3.268219576701198983e+23
3.602157616858347382e+23
3.967061753121579383e+23
4.365074019408354958e+23
4.798465762585834642e+23
5.269637063221705074e+23
5.781115419525684973e+23
6.335553581343850134e+23
6.935726416702291166e+23
7.584526689736983409e+23
8.284959626049489323e+23
9.040136139761826419e+23
9.853264595988289212e+23
1.072764098328621094e+24
1.166663737308860893e+24
1.267368854736030965e+24
1.375227668195964845e+24
1.490591398163156753e+24
1.613812317340113073e+24
1.745241577856598056e+24
1.885226809967209225e+24
2.034109487795002768e+24
2.192222059881263461e+24
2.359884844825935765e+24
2.537402695144795401e+24
2.725061435628520192e+24
2.923124085960402616e+24
3.131826881122199493e+24
3.351375107174039275e+24
3.581938774308282943e+24
3.823648153615946509e+24
4.076589208725031855e+24
4.340798958321743633e+24
4.616260810487539679e+24
4.902899914706368363e+24
5.200578582237791451e+24
5.509091830222712220e+24
5.828163109290705135e+24
6.157440278463898586e+24
6.496491894686579144e+24
6.844803887231052196e+24
7.201776689411423172e+24
7.566722901347929338e+24
7.938865557834237368e+24
8.317337074538313213e+24
8.701178943688376976e+24
9.089342246941031546e+24
9.480689048190792138e+24
9.873994722567109583e+24
1.026795126970348793e+25
1.066117164950426285e+25
1.105219516705885766e+25
1.143949392007645813e+25
1.182148030729030825e+25
1.219651557981506920e+25
1.256291939958521935e+25
1.291898034997343375e+25
1.326296732376286474e+25
1.359314169317625423e+25
1.390777014607236211e+25
1.420513805221017731e+25
1.448356320423834376e+25
1.474140976045534251e+25
1.497710220114545550e+25
1.518913909823333802e+25
1.537610648997267063e+25
1.553669064928202277e+25
1.566969003704450359e+25
1.577402624104179369e+25
1.584875371793556954e+25
1.589306818042040930e+25
1.590631350468065619e+25
1.588798707458515367e+25
1.583774352820238106e+25
1.575539692822295928e+25
1.564092143909584102e+25
1.549445065773543948e+25
1.531627580835417966e+25
1.510684307130764410e+25
1.486675036602659924e+25
1.459674394373430457e+25
1.429771516090783546e+25
1.397069779353372321e+25
1.361686620984863554e+25
1.323753464133818776e+25
1.283415767613324455e+25
1.240833194621086278e+25
1.196179879416965344e+25
1.149644749524043595e+25
1.101431838867023067e+25
1.051760505732172025e+25
1.000865450688912882e+25
9.489964160905266476e+24
8.964174429873248437e+24
8.434055655831732201e+24
7.902488396144835819e+24
7.372436303015005462e+24
6.846911277765802561e+24
6.328931117228674488e+24
5.821470494141081543e+24
5.327406779374871658e+24
4.849462862173586481e+24
4.390149685509341781e+24
3.951711609983613373e+24
3.536077871641544727e+24
3.144823234206709848e+24
2.779140412636188591e+24
2.439825991813937305e+24
2.127280521281298334e+24
1.841522468525943820e+24
1.582214970846895770e+24
1.348703864716040102e+24
1.140065109794921113e+24
9.551592688163534636e+23
7.926901101631107813e+23
6.512638163430092193e+23
5.294452015044695226e+23
4.258082568472140123e+23
3.389799401677309629e+23
2.676773883334210764e+23
2.107392006764467459e+23
1.671513605228228541e+23
1.360681594083214025e+23
1.168284132914055422e+23
1.089673259693843488e+23
1.122244397181508969e+23
1.265480865427445902e+23
1.520965788188967069e+23
1.892361470525821388e+23
2.385354694679912734e+23
3.007565071124614380e+23
3.768410572498947749e+23
4.678919672432343206e+23
5.751475790308599986e+23
6.999478967638503279e+23
8.436910965871566872e+23
1.007779223407807588e+24
1.193552252901688611e+24
1.402210165242971195e+24
1.634723352319441521e+24
1.891732659378281849e+24
2.173441652181385983e+24
2.479505187672190288e+24
2.808919872500653212e+24
3.159923354400732119e+24
3.529910474163785212e+24
3.915374980466401557e+24
4.311885616604832818e+24
4.714104745255928703e+24
5.115856126612805012e+24
5.510245934609866991e+24
5.889837647900696614e+24
6.246877301426230898e+24
6.573561084231956329e+24
6.862332875198325804e+24
7.106195525886500552e+24
7.299017020898361515e+24
7.435811481252282828e+24
7.512975587790497321e+24
7.528463452878680560e+24
7.481887098389737125e+24
7.374535128875807820e+24
7.209308371097861508e+24
6.990577534875341393e+24
6.723973675130353560e+24
6.416126820879281928e+24
6.074371160467155234e+24
5.706436416810796626e+24
5.320144517358743148e+24
4.923128570034972797e+24
4.522587864313948579e+24
4.125088583288676520e+24
3.736415617663661895e+24
3.361476754598156854e+24
3.004256923567332545e+24
2.667817353016534135e+24
2.354332539094828602e+24
2.065156854147969278e+24
1.800912343363558526e+24
1.561589629828269773e+24
1.346654698856680687e+24
1.155155485685845988e+24
9.858234860784298450e+23
8.371669145779836698e+23
7.075531512555534402e+23
5.952792797882192400e+23
4.986303929901584839e+23
4.159260165436949188e+23
3.455554859536704518e+23
2.860034259598547521e+23
2.358666526510933407e+23
1.938638755061403002e+23
1.588395479627179995e+23
1.297631265899376091e+23
1.057248724213708095e+23
8.592918123135443036e+22
6.968627614765974920e+22
5.640294591662388779e+22
4.557287211502249234e+22
3.676696277842614079e+22
2.962400039958526244e+22
2.384181963911012234e+22
1.916915390989538112e+22
1.539822906523068976e+22
1.235813513821015769e+22
9.908971646309420237e+21
7.936736547804700213e+21
6.348911742442948002e+21
5.070687412847169765e+21
4.041762050317059883e+21
3.213653440809602646e+21
2.547457144488960459e+21
2.011992215183791751e+21
1.582278377370696024e+21
1.238294064062991434e+21
9.639702071094271017e+20
7.463801602444214927e+20
5.750914135371610849e+20
4.416496866546295112e+20
3.391704848520883732e+20
2.620172257375314248e+20
2.055485877908952842e+20
1.659208065230013399e+20
1.399332788370169201e+20
1.249080673280985989e+20
1.185957652444223406e+20
1.191017323907174400e+20
1.248279843496071332e+20
1.344270517168041656e+20
1.467649590937033605e+20
1.608911381800409498e+20
1.760136144375886643e+20
1.914782176309726740e+20
2.067508846652280340e+20
2.214023667812190126e+20
2.350948375993596641e+20
2.475700363394698117e+20
2.586386821176219730e+20
2.681709688940042977e+20
2.760880031241097708e+20
2.823540827677440737e+20
2.869697412098084700e+20
2.899654960808076575e+20
2.913962534134193848e+20
2.913363239078324142e+20
2.898750116961722368e+20
2.871127379122739610e+20
2.831576623130042696e+20
2.781227666643641303e+20
2.721233639350570189e+20
2.652749977430925312e+20
2.576916970981756109e+20
2.494845523309605683e+20
2.407605792128556728e+20
2.316218396313836585e+20
2.221647887631130624e+20
2.124798204365509427e+20
2.026509842551863050e+20
1.927558500104961393e+20
1.828654969134849065e+20
1.730446071728898703e+20
1.633516454154864558e+20
1.538391073513398272e+20
1.445538229121624146e+20
1.355373008169756754e+20
1.268261031335104512e+20
1.184522398977205862e+20
1.104435752224550912e+20
1.028242375677281567e+20
5.258844606932878131e+19
4.296438946937810944e+19
