1.629070598397289529e-02
1.893172712199121463e-02
1.941978423821312874e-02
1.725065028021496513e-02
1.349427791578143229e-02
1.009507751206649255e-02
8.685601718936158261e-03
9.740992753704240045e-03
1.262748731979343106e-02
1.643664931203021526e-02
2.093600423096557417e-02
2.691354295053165549e-02
3.567261044021802913e-02
4.807737052243532538e-02
6.388187866609253140e-02
8.186590859203020376e-02
1.007135245464050310e-01
1.200289035301457946e-01
1.407611983909614894e-01
1.646832091673652854e-01
1.931884647541763644e-01
2.261412187785933892e-01
2.615372767736402482e-01
2.962814538496642003e-01
3.277090783765944093e-01
3.549693657235172828e-01
3.793780005377662135e-01
4.034016043901275661e-01
4.287784422984500243e-01
4.548985440912264866e-01
4.785222142521308175e-01
4.951547275267291770e-01
5.013497782555265125e-01
4.965643649059378051e-01
4.834023872886206163e-01
4.660690925108103011e-01
4.479856405665725294e-01
4.300387359946450383e-01
4.105187091702727220e-01
3.867187914210792887e-01
3.571422181879953528e-01
3.229404358893880334e-01
2.877490125953993116e-01
2.561061317191982711e-01
2.314740399723316799e-01
2.150416233055369997e-01
2.059230573030182143e-01
2.024809258041620486e-01
2.038552643814024457e-01
2.107452080574026276e-01
2.250355421244774612e-01
2.486030884221155923e-01
2.821108936423848412e-01
3.245457244472337299e-01
3.737597414884915592e-01
4.276686947352820178e-01
4.853895238074624197e-01
5.476547532270309437e-01
6.162660645861443021e-01
6.929053272220480064e-01
7.780056649195707941e-01
8.703753363204838056e-01
9.678406483643632319e-01
1.068550397085207493e+00
1.172135959485543610e+00
1.279958388879226305e+00
1.394218703458166564e+00
1.516432747230930023e+00
1.646195446526589778e+00
1.780983589577500359e+00
1.917086658562958679e+00
2.051063227918183962e+00
2.180853259700000990e+00
2.305973328096866393e+00
2.426833896085995868e+00
2.543723917539328916e+00
2.656118980912509198e+00
2.762688961145768118e+00
2.861941062061391872e+00
2.953100998652273379e+00
3.036756135966073522e+00
3.114951454727079128e+00
3.190729236890359921e+00
3.267385056751527461e+00
3.347839977533506151e+00
3.434433464218014542e+00
3.529169472173887545e+00
3.634157229544686896e+00
3.751863986617000712e+00
3.884926698925482924e+00
4.035570213974548182e+00
4.204948450339160537e+00
4.392783521904995325e+00
4.597497449539194037e+00
4.816746906678594620e+00
5.048075230126296553e+00
5.289397951108864682e+00
5.539200723183633102e+00
5.796513379500469298e+00
6.060804971251167572e+00
6.331896046993525928e+00
6.609880884053037420e+00
6.894994988853267337e+00
7.187396869592897808e+00
7.486919573600367528e+00
7.792906181622855755e+00
8.104219755710523998e+00
8.419424426448907539e+00
8.737036471727011033e+00
9.055711093557661684e+00
9.374284448728614549e+00
9.691694068029207187e+00
1.000688530557793854e+01
1.031882312559587866e+01
1.062666140768796197e+01
1.093001767596402374e+01
1.122922044273968289e+01
1.152538325733845959e+01
1.182022010354099351e+01
1.211562058080697213e+01
1.241310269295909130e+01
1.271331568007419932e+01
1.301575840204241352e+01
1.331881854765109097e+01
1.362014717265235042e+01
1.391728692791972932e+01
1.420839330391568112e+01
1.449284674048601040e+01
1.477156589792724795e+01
1.504690264442143821e+01
1.532211149572125386e+01
1.560050804488363774e+01
1.588452618496746283e+01
1.617492429053421432e+01
1.647036122873568686e+01
1.676746755764277097e+01
1.706140225538074162e+01
1.734675613909987391e+01
1.761858198430903855e+01
1.787331287441861605e+01
1.810935999972620536e+01
1.832724018397880528e+01
1.852917039501333463e+01
1.871818818231202997e+01
1.889699966852083080e+01
1.906687448519876327e+01
1.922694246444824628e+01
1.937416268091052984e+01
1.950403387251040499e+01
1.961184759550305756e+01
1.969405384747742005e+01
1.974923689081086664e+01
1.977835495045890468e+01
1.978421987839122664e+01
1.977050510201011591e+01
1.974070027985113640e+01
1.969733637168248208e+01
1.964158652038352670e+01
1.957315775890828391e+01
1.949032645417832654e+01
1.939004663122128491e+01
1.926820301463578744e+01
1.912016743909392247e+01
1.894174480686281825e+01
1.873037183316021270e+01
1.848620540640495236e+01
1.821268543845074106e+01
1.791633111422865454e+01
1.760581092003338455e+01
1.729054305177529116e+01
1.697915336792125629e+01
1.667808857923523647e+01
1.639064139922839303e+01
1.611662316457955058e+01
1.585285754410676162e+01
1.559447053820208495e+01
1.533660763574166275e+01
1.507588894699955517e+01
1.481090054622463192e+01
1.454146977527846651e+01
1.426719469397851370e+01
1.398622209197991673e+01
1.369518479556250057e+01
1.339050518406858714e+01
1.307036971974761208e+01
1.273615499276789187e+01
1.239229777096269913e+01
1.204446507567654834e+01
1.169690310792281807e+01
1.135040714394986594e+01
1.100209537123488523e+01
1.064722120632723268e+01
1.028216261175176705e+01
9.907078507933135825e+00
9.526826275868490512e+00
9.149505307282634448e+00
8.783081627494562227e+00
8.431517727774430426e+00
8.092256090369769339e+00
7.756487971924158842e+00
7.412401181030991104e+00
7.050040634861630018e+00
6.665396893954441460e+00
6.261597753371920483e+00
5.846636049840882698e+00
5.429048106525534045e+00
5.014102433003560400e+00
4.602611301214924566e+00
4.192753993531324497e+00
3.783463610761347073e+00
3.377151631249356356e+00
2.980207229956082671e+00
2.601222791706392812e+00
2.248212513462300777e+00
1.926452405317138794e+00
1.637953466126233604e+00
1.382545944293233298e+00
1.159740995033291089e+00
9.702682830195855646e-01
8.164415718603068584e-01
7.011082970333810671e-01
6.256854245068516063e-01
5.883806361567165411e-01
5.837765779556756129e-01
6.042969917734588581e-01
6.429023756162424164e-01
6.953820953967561058e-01
7.606031145159911633e-01
8.382902776467037187e-01
9.256962243956667891e-01
1.015601456283554027e+00
1.097473935614124985e+00
1.161490462504616739e+00
1.202920903192528534e+00
1.223820424123442052e+00
1.230667350177041763e+00
1.229396807960442484e+00
1.221145468472782492e+00
1.201543734695170729e+00
1.163933268677446398e+00
1.104255942942512725e+00
1.024388812959641681e+00
9.319185595392617261e-01
8.367350720465308589e-01
7.466951382565889528e-01
6.648612995226786948e-01
5.895779238212442985e-01
5.169276692528510520e-01
4.439680641958002605e-01
3.710074478647382157e-01
3.018399021427274898e-01
2.418952201636270227e-01
1.952993897303090531e-01
1.625055838445654821e-01
1.400106709811795580e-01
1.225288320005364223e-01
1.063471350460654385e-01
9.156459190799522141e-02
8.148043677155790421e-02
7.940655117006399644e-02
8.523509104027736372e-02
9.451836714134877193e-02
1.010529556265078316e-01
1.011939818398911728e-01
9.653003664915596471e-02
9.257821176128605556e-02
9.423184362246106449e-02
1.014377928723206590e-01
1.086544567719099075e-01
1.087685699020043834e-01
9.855328544692244785e-02
8.140788106008685354e-02
6.679217679342398795e-02
4.779610652821673911e-02
