1.484251850849086229e-01
1.475113898595110662e-01
1.474887903074871831e-01
1.557548575628169840e-01
1.747876509100193543e-01
1.995078750072733498e-01
2.199457261587980661e-01
2.279381570269512769e-01
2.231240930124863409e-01
2.132981235087375027e-01
2.082512578714947049e-01
2.117465624024712778e-01
2.183138621780276734e-01
2.176943804762210832e-01
2.031314259469302330e-01
1.764299420442441424e-01
1.458975955945735481e-01
1.197240067879130482e-01
1.008666032131647211e-01
8.725902367780155600e-02
7.603499051862157299e-02
6.742597142076849071e-02
6.512187047375217475e-02
7.332293993390114062e-02
9.333116569642978255e-02
1.225947915694225454e-01
1.569244149481857087e-01
1.938750868096413837e-01
2.342046448969287709e-01
2.799633321639853345e-01
3.308908415652827562e-01
3.825312588797480373e-01
4.280607107624422869e-01
4.625174909096995690e-01
4.860156541049084900e-01
5.034310786354561085e-01
5.209266738376563399e-01
5.419665750648589020e-01
5.655508030807187003e-01
5.876645373472277889e-01
6.048493664916834156e-01
6.175707761482276403e-01
6.311386005557969581e-01
6.532952526280784156e-01
6.897242669660451631e-01
7.404531780344143499e-01
7.999256952924137520e-01
8.609846958756627311e-01
9.198542038396780862e-01
9.782086227510907728e-01
1.040723285332732617e+00
1.110203760751008240e+00
1.184231496870512546e+00
1.255802907387409295e+00
1.317256740567092743e+00
1.364607174338457130e+00
1.399550029009959173e+00
1.428204737713011374e+00
1.457662144681969307e+00
1.492605389690895512e+00
1.534174801173365355e+00
1.581793740767464707e+00
1.636529364576196910e+00
1.703219540599930859e+00
1.789371131404964066e+00
1.901416865275176837e+00
2.041197413773513603e+00
2.205387575608109163e+00
2.388038927067891670e+00
2.583811740412023550e+00
2.789215019870123324e+00
3.001316699118198095e+00
3.215685662280694856e+00
3.425664375151942664e+00
3.623514755552196043e+00
3.802349413213896856e+00
3.957488310747241833e+00
4.086732207954184126e+00
4.189860679171443003e+00
4.267834366414451353e+00
4.322036720841669677e+00
4.353874798023202430e+00
4.365040776038100034e+00
4.358336278458706303e+00
4.338314831589932474e+00
4.310816946545597439e+00
4.281227755068230501e+00
4.252485967898112840e+00
4.224388914305219345e+00
4.194938369621057817e+00
4.162930320560003672e+00
4.130000410915824816e+00
4.100713630348117533e+00
4.080685525606881470e+00
4.074029885848416299e+00
4.081737506151656980e+00
4.101835622248215074e+00
4.131016838118194201e+00
4.166651912295377791e+00
4.208094417743889259e+00
4.256771253529058718e+00
4.315251548564515538e+00
4.385899784437001792e+00
4.469740639387392633e+00
4.565920292607673403e+00
4.671829745087917374e+00
4.783699532446635594e+00
4.897354220016808313e+00
5.008842228802478758e+00
5.114793218825531618e+00
5.212530345588268332e+00
5.300100373792143493e+00
5.376418685335717207e+00
5.441637695712447709e+00
5.497676406237431479e+00
5.548680941836422242e+00
5.601102882597362331e+00
5.663129937238505995e+00
5.743385681030372503e+00
5.849080271954923305e+00
5.984030855920790870e+00
6.147068050752825030e+00
6.331286937335354637e+00
6.524461526403065648e+00
6.710765057299602709e+00
6.873674381882569406e+00
6.999553279652031001e+00
7.081040104745713215e+00
7.119255774583821861e+00
7.124127716133043187e+00
7.112666265067814741e+00
7.105566190330242726e+00
7.122869974456190079e+00
7.179639190624061307e+00
7.282691710046703903e+00
7.429381949682645647e+00
7.608926602849967580e+00
7.805888951628941363e+00
8.004512315296910430e+00
8.192232821394076936e+00
8.361213731464046006e+00
8.507842099583678319e+00
8.631140436522182213e+00
8.731410616029396721e+00
8.810015832291682614e+00
8.870303403127168806e+00
8.918792464448269897e+00
8.965419686130310595e+00
9.022101114224200913e+00
9.099882264142651778e+00
9.205875104786549912e+00
9.341424939308820896e+00
9.502353949287408952e+00
9.681031504591539161e+00
9.869059769728389497e+00
1.005915632212989053e+01
1.024557244782810628e+01
1.042359940988830402e+01
1.058939135223483241e+01
1.074084346155155423e+01
1.087904182106903406e+01
1.100900534640409134e+01
1.113882380464940525e+01
1.127751829726953758e+01
1.143299049931882294e+01
1.161145777629139175e+01
1.181863623633989313e+01
1.206122788590902495e+01
1.234628508839949035e+01
1.267713804486750817e+01
1.304776963922893351e+01
1.344044339628507068e+01
1.383075708288249572e+01
1.419927744701071504e+01
1.454294355984697695e+01
1.487778953814337157e+01
1.522953242736144119e+01
1.561702158934018669e+01
1.603915001284822850e+01
1.647412970759794604e+01
1.689181303484136620e+01
1.727056141458235317e+01
1.760667026279195113e+01
1.790958695925646893e+01
1.818677656625875017e+01
1.843017687943329364e+01
1.861519952139783030e+01
1.871366971852226868e+01
1.871145768377304108e+01
1.861814658208979623e+01
1.846215969061877971e+01
1.827514317569353253e+01
1.807621223703333158e+01
1.786561969130582028e+01
1.763036572307251504e+01
1.735690085509478564e+01
1.704304346862644692e+01
1.670300918473905583e+01
1.636324170691812085e+01
1.605019410702363913e+01
1.577450213505790444e+01
1.551959046140279774e+01
1.524405330347664567e+01
1.490169013872420756e+01
1.447079837940704294e+01
1.397350666130218499e+01
1.346786266386726716e+01
1.301297999184755838e+01
1.262946517173550554e+01
1.228532488316440485e+01
1.192188363284067165e+01
1.150397681083852675e+01
1.105686942115751314e+01
1.065851689696264515e+01
1.038868279767262948e+01
1.027179141308351085e+01
1.025854375115019756e+01
1.026262130421198648e+01
1.022475234949874334e+01
1.015359748057277578e+01
1.011137877759833437e+01
1.015687453662648387e+01
1.029184728385287428e+01
1.045211197061543729e+01
1.054741728161334535e+01
1.051715020760041952e+01
1.036071755615106049e+01
1.012499591489043205e+01
9.863904287857126363e+00
9.601061298737327832e+00
9.317847438117455638e+00
8.968741890434012376e+00
8.511024191798842509e+00
7.932890603782124295e+00
7.267065961831056242e+00
6.581252366683886024e+00
5.945443255842741692e+00
5.391884697329223819e+00
4.896273996446112164e+00
4.400966866174965908e+00
3.869193803532098297e+00
3.327628480400636413e+00
2.856555420935100731e+00
2.529194364312732368e+00
2.349975378689642902e+00
2.248455165952827794e+00
2.138653763444295031e+00
1.992896856626289237e+00
1.862647000129749708e+00
1.825612319807408790e+00
1.907060178719483190e+00
2.048446682251112261e+00
2.152580484914664805e+00
2.162767074342455853e+00
2.102911380726729895e+00
2.045102570042286239e+00
2.040175444374651370e+00
2.077004553998619052e+00
2.101763894296715840e+00
2.069223913130029846e+00
1.974907913255510294e+00
1.846430518293982637e+00
1.715327888252688116e+00
1.600783049261775837e+00
1.511462015739382991e+00
1.448621245197118323e+00
1.400581217659659261e+00
1.341106589558374695e+00
1.247169142649437124e+00
1.126428446461952726e+00
1.022743681651276937e+00
9.824861505092744585e-01
1.015988935497166512e+00
8.331377370493410206e-01
