1.243465515534084159e-01
1.342884372628881662e-01
1.435778042155832490e-01
1.516660595577884740e-01
1.584219425983674490e-01
1.641669384813068122e-01
1.695916788873620407e-01
1.755777920573009243e-01
1.829734630900919368e-01
1.923813053174132093e-01
2.040120190417243351e-01
2.176388377064684687e-01
2.326613229441528430e-01
2.482597169068008758e-01
2.635996000835277298e-01
2.780359335563151735e-01
2.912676321560541681e-01
3.034073844838406364e-01
3.149526456143958431e-01
3.266672078842008387e-01
3.394029839137296944e-01
3.539042060592172967e-01
3.706387569646557578e-01
3.896937732011466204e-01
4.107571866698220275e-01
4.331872414669196147e-01
4.561526785900905656e-01
4.788113582172629501e-01
5.004876023159391396e-01
5.208098160379748265e-01
5.397794314616189970e-01
5.577576631332307189e-01
5.753745395285235764e-01
5.933812969189561359e-01
6.124789750019872248e-01
6.331605168534980566e-01
6.556000290586587731e-01
6.796120443026038016e-01
7.046881341986043212e-01
7.301015088044210399e-01
7.550559685487838735e-01
7.788467700821442019e-01
8.009993589253010526e-01
8.213575943923272504e-01
8.401045392008066326e-01
8.577134279472302669e-01
8.748408782363747971e-01
8.921857997475279856e-01
9.103436550262088423e-01
9.296857883518657717e-01
9.502877795855830811e-01
9.719205763709174439e-01
9.941055932014462027e-01
1.016222410726781211e+00
1.037647429675944366e+00
1.057895666811984992e+00
1.076736978498180841e+00
1.094262649480295835e+00
1.110887815135299661e+00
1.127287973380915131e+00
1.144281502174472998e+00
1.162681854506317114e+00
1.183150330181172993e+00
1.206081159409374548e+00
1.231544505658227928e+00
1.259300901830214370e+00
1.288885045986594813e+00
1.319741250888641915e+00
1.351380797819404789e+00
1.383525904315139776e+00
1.416207419668947809e+00
1.449793285369828766e+00
1.484940026848429406e+00
1.522476613859187644e+00
1.563245067573639790e+00
1.607931844334220095e+00
1.656926204930213364e+00
1.710236100464753939e+00
1.767479900369911094e+00
1.827956233678088349e+00
1.890777717559657178e+00
1.955040819399777918e+00
2.019996288752022195e+00
2.085184085800492859e+00
2.150503671504991665e+00
2.216203611363802839e+00
2.282791161802531388e+00
2.350879558713044659e+00
2.421004627171324142e+00
2.493450069557081594e+00
2.568120458908163872e+00
2.644492229444331599e+00
2.721657246920531126e+00
2.798453889601836941e+00
2.873661073866861315e+00
2.946215650519072859e+00
3.015406682779611103e+00
3.081003287757062559e+00
3.143285786825813499e+00
3.202970387631925320e+00
3.261041184921239733e+00
3.318524655599265127e+00
3.376256022595414130e+00
3.434690304282545181e+00
3.493802334300887047e+00
3.553101052078804667e+00
3.611757938609433172e+00
3.668823257445248842e+00
3.723482784954434521e+00
3.775296982554107394e+00
3.824366863677580497e+00
3.871385993291117433e+00
3.917562999571002624e+00
3.964428207731588660e+00
4.013564917590726644e+00
4.066324184783466578e+00
4.123587279020807017e+00
4.185630703137173114e+00
4.252126499078308974e+00
4.322280282651350447e+00
4.395077780347594221e+00
4.469584843572266486e+00
4.545232101433759553e+00
4.622017115444111646e+00
4.700574175788203135e+00
4.782091190023607830e+00
4.868088029176396603e+00
4.960103287287219054e+00
5.059359052370290932e+00
5.166480440320348144e+00
5.281336216012822327e+00
5.403040768293080554e+00
5.530121674194138137e+00
5.660819220124540863e+00
5.793453311739249045e+00
5.926776539533117116e+00
6.060233917214384647e+00
6.194069868927207345e+00
6.329257000631808516e+00
6.467261318271830817e+00
6.609695591446272722e+00
6.757937911032849243e+00
6.912800275094065583e+00
7.074320509017884007e+00
7.241722775038033966e+00
7.413553996595788398e+00
7.587964586867660621e+00
7.763070881262049028e+00
7.937320517532270969e+00
8.109783910094970238e+00
8.280313819025518995e+00
8.449545786796887725e+00
8.618747311849492831e+00
8.789554823993306343e+00
8.963657986865207761e+00
9.142496703713254291e+00
9.327027294918227796e+00
9.517594013077482984e+00
9.713916163869797060e+00
9.915176219994428664e+00
1.012017615527027559e+01
1.032752121835160430e+01
1.053579299826636095e+01
1.074368460348051002e+01
1.095008587483503071e+01
1.115412100444387633e+01
1.135515078316873172e+01
1.155275487480638574e+01
1.174670626399687734e+01
1.193694265399450849e+01
1.212353159640792377e+01
1.230662101379004447e+01
1.248636687248503918e+01
1.266283550494421029e+01
1.283588782520236293e+01
1.300506321525342734e+01
1.316948840236561580e+01
1.332783804937769645e+01
1.347836756230094934e+01
1.361902552821688417e+01
1.374763610577870487e+01
1.386212486748072514e+01
1.396074953479533143e+01
1.404229322057355667e+01
1.410618363814091758e+01
1.415251622094167416e+01
1.418197894184384289e+01
1.419569714065971766e+01
1.419503297615350768e+01
1.418138238382305616e+01
1.415601082530856658e+01
1.411995827540649984e+01
1.407402664618443033e+01
1.401884348506410305e+01
1.395497894227131574e+01
1.388308251715636388e+01
1.380400409294662012e+01
1.371887024198481697e+01
1.362909968156162677e+01
1.353635760535410881e+01
1.344246341729767735e+01
1.334927665015463383e+01
1.325858936116666342e+01
1.317204962320772133e+01
1.309113119258278957e+01
1.301715168103817888e+01
1.295132884231334103e+01
1.289485493926986770e+01
1.284896469770888494e+01
1.281497383347123353e+01
1.279427188672451443e+01
1.278826328218685937e+01
1.279826168964568822e+01
1.282535239965240415e+01
1.287024361083787660e+01
1.293312922476688875e+01
1.301358299326907364e+01
1.311049763496648701e+01
1.322207444292869205e+01
1.334586078496175077e+01
1.347882641032891904e+01
1.361746576440985912e+01
1.375791300811058449e+01
1.389605883284547971e+01
1.402766253267189889e+01
1.414845785602138584e+01
1.425425557152829725e+01
1.434104836001311334e+01
1.440512398648765391e+01
1.444319070290416995e+01
1.445251502924995002e+01
1.443106739134535310e+01
1.437766663523088084e+01
1.429211115290976686e+01
1.417528288766928135e+01
1.402921106586012456e+01
1.385708494552063641e+01
1.366320869698384932e+01
1.345289610309592554e+01
1.323230745150577725e+01
1.300823526167986088e+01
1.278784897981034341e+01
1.257841128612127513e+01
1.238698013498879469e+01
1.222011114317834313e+01
1.208357459212514051e+01
1.198210031005695342e+01
1.191916226649057187e+01
1.189681304289997499e+01
1.191557656530268794e+01
1.197440560911199192e+01
1.207070850044788735e+01
1.220044693942363878e+01
1.235830375561488914e+01
1.253791558104928328e+01
1.273216101118450716e+01
1.293349020267772964e+01
1.313427764433789946e+01
1.332717676499861703e+01
1.350545378230425442e+01
1.366327918319183787e+01
1.379595851947301277e+01
1.390008944635614974e+01
1.397363842290953428e+01
1.401593733050621005e+01
1.402760655007941359e+01
1.401041605555518821e+01
1.396709941885665884e+01
1.390113720347146220e+01
1.381652624170679111e+01
1.371755010027586330e+01
1.360856402695993772e+01
1.349380515779265188e+01
1.337723596616964450e+01
1.326242598232058079e+01
1.315247379800328531e+01
1.304996841512403627e+01
1.295698627189029573e+01
1.287511800473498980e+01
1.280551739597130556e+01
1.274896416839089319e+01
1.270593235526385811e+01
1.267665680097333158e+01
1.266119172894899592e+01
1.265945699384636569e+01
1.267126937352221105e+01
1.269635788082394967e+01
1.273436350347355983e+01
1.278482500914115860e+01
1.284715352420495904e+01
1.292059955490019796e+01
1.300421698519066638e+01
1.309682932456474269e+01
1.319700400412272323e+01
1.330304069392566113e+01
1.341297926608275226e+01
1.352463197638076942e+01
1.363564254253777897e+01
1.374357202669314582e+01
1.384600793142634600e+01
1.394068907330922791e+01
1.402563521720694339e+01
1.409926789804822889e+01
1.416050807005089318e+01
1.420883772737016848e+01
1.424431653535986264e+01
1.426755036680315314e+01
1.427961551504532700e+01
1.428194898680600389e+01
1.427622034456950928e+01
1.426420302211700886e+01
1.424766234716820001e+01
1.422827378175158941e+01
1.420757884393432136e+01
1.418697893854356984e+01
1.416776021088982951e+01
1.415113678748248027e+01
1.413829635957544184e+01
1.413043159629883405e+01
1.412874350587285477e+01
1.413440830853055630e+01
1.414850691140428651e+01
1.417192454225733300e+01
1.420523604829584485e+01
1.424859820144668099e+01
1.430167261035725090e+01
1.436360053345751808e+01
1.443304382015018916e+01
1.450829517921123113e+01
1.458744778240039430e+01
1.466860139387029349e+01
1.475007256719564630e+01
1.483057241054856057e+01
1.490931846244892967e+01
1.498605741819421944e+01
1.506099131298773486e+01
1.513461844220529784e+01
1.520751806534739003e+01
1.528012097010601522e+01
1.535251315737818345e+01
1.542431559138905506e+01
1.549466941172580370e+01
1.556233550779608343e+01
1.562589384601761289e+01
1.568400625173946317e+01
1.573569120456045667e+01
1.578055415584274002e+01
1.581892343979364135e+01
1.585185907054743737e+01
1.588102628243607128e+01
1.590845256681435416e+01
1.593621054948745552e+01
1.596608432803370903e+01
1.599928058093520100e+01
1.603623707740354476e+01
1.607656201421054121e+01
1.611911196359129761e+01
1.616218953613451248e+01
1.620381968493810021e+01
1.624205038907914300e+01
1.627522174303135216e+01
1.630215722305492676e+01
1.632224961111257500e+01
1.633543734393709812e+01
1.634208962933288944e+01
1.634283554751088730e+01
1.633838000703138249e+01
1.632934661918981334e+01
1.631617564165324552e+01
1.629908770370008853e+01
1.627810593495357594e+01
1.625311524024620979e+01
1.622393131441429759e+01
1.619035477191393468e+01
1.615219602289656464e+01
1.610927059149902618e+01
1.606137766978324422e+01
1.600828240916804646e+01
1.594972208419056159e+01
1.588544774374343405e+01
1.581529891766202667e+01
1.573929395795659048e+01
1.565770784085684575e+01
1.557110690739518155e+01
1.548031787694182526e+01
1.538632524852381245e+01
1.529011270654548227e+01
1.519248426861316226e+01
1.509391328427410173e+01
1.499446720578056613e+01
1.489384158928738522e+01
1.479151024201401299e+01
1.468696573122220705e+01
1.457999405436053486e+01
1.447090806433038956e+01
1.436066326224096024e+01
1.425079974121236681e+01
1.414319289401832336e+01
1.403964503960968102e+01
1.394139844063239764e+01
1.384868408420261154e+01
1.376042906978337754e+01
1.367422291792009581e+01
1.358659160507864350e+01
1.349355758687049622e+01
1.339139055660452193e+01
1.327739572867514362e+01
1.315056036834810271e+01
1.301189475009005747e+01
1.286436058673331573e+01
1.271236760590683623e+01
1.256091821368113770e+01
1.241456772344251291e+01
1.227642150969901635e+01
1.214739571923139749e+01
1.202592090313913253e+01
1.190817666685017784e+01
1.178882961265362539e+01
1.166213251428166053e+01
1.152315643653854771e+01
1.136889027200053270e+01
1.119896394438245402e+01
1.101582887965104973e+01
1.082434585223754908e+01
1.063086015899570747e+01
1.044195790462388551e+01
1.026316890266802417e+01
1.009789460336833677e+01
9.946790254168364598e+00
9.807730177353279899e+00
9.676356419227348127e+00
9.547083396796645971e+00
9.414333475626671444e+00
9.273732423744542430e+00
9.123008948698217324e+00
8.962414282014702138e+00
8.794588341566104361e+00
8.623922214457596880e+00
8.455574303070086728e+00
8.294365814745196630e+00
8.143796679748648515e+00
8.005384532884761484e+00
7.878448532174687990e+00
7.760357002865368337e+00
7.647157450557994451e+00
7.534431568743126029e+00
7.418181591417304155e+00
7.295562770282043807e+00
7.165324468556218740e+00
7.027895521960271452e+00
6.885129734796069378e+00
6.739796340644896411e+00
6.594943943921642848e+00
6.453277997772523200e+00
6.316672445008784997e+00
6.185893877370712168e+00
6.060563835347368311e+00
5.939334832055924274e+00
5.820218944878289058e+00
5.700990112521980180e+00
5.579582695565341588e+00
5.454424717693703961e+00
5.324667152785043989e+00
5.190293288030578545e+00
5.052109486741821698e+00
4.911629035683363398e+00
4.770865989122142103e+00
4.632059725473725464e+00
4.497356793378765261e+00
4.368485800726258361e+00
4.246471588307564993e+00
4.131441853839196376e+00
4.022576782579553090e+00
3.918235620718561130e+00
3.816262965277858132e+00
3.714436592769403855e+00
3.610977507330603409e+00
3.505013692806251857e+00
3.396882868670330957e+00
3.288182553250646123e+00
3.181526444654909636e+00
3.080034702277701708e+00
2.986655788816503510e+00
2.903470255296070501e+00
2.831146045456113480e+00
2.768691954035229497e+00
2.713592879190323437e+00
2.662320578373125191e+00
2.611118206773884509e+00
2.556880556847511254e+00
2.497915947809792314e+00
2.434392304497014159e+00
2.368338310326021379e+00
2.303176222845890297e+00
2.242880939346339364e+00
2.190960362522597737e+00
2.149507951099621117e+00
2.118572460667532020e+00
2.096020310078732685e+00
2.077947355586931444e+00
2.059557497173128304e+00
2.036300971932973436e+00
2.004989003203454967e+00
1.964596253109971657e+00
1.916533091585166160e+00
1.864300756023103078e+00
1.812601648318019620e+00
1.766122749512716306e+00
1.728302656317878938e+00
1.700405132421718646e+00
1.681148285699610945e+00
1.666995942290503629e+00
1.653043395167189233e+00
1.634270221114189514e+00
1.606832121403253266e+00
1.569050297016303386e+00
1.521835630130488282e+00
1.468435363879072364e+00
1.413571433798927135e+00
1.362202578892935945e+00
1.318242211629008231e+00
1.283573505724197705e+00
1.257620018873447210e+00
1.237577708462763049e+00
1.219234654536339502e+00
1.198147470895736255e+00
1.170850912923836695e+00
1.135773911960603177e+00
1.093620769623566025e+00
1.047125877561950524e+00
1.000262333847111273e+00
9.571320256096098600e-01
9.208474560953679999e-01
8.927122743581269448e-01
8.719202710848426019e-01
8.558464521138939851e-01
8.408393391671032946e-01
8.232860845311614773e-01
8.006488177957169494e-01
7.721815357904727728e-01
7.391283676296925842e-01
7.043506238587641244e-01
6.714909240966784321e-01
6.439130948148737987e-01
6.239438622657947908e-01
5.110872137235477064e-01
