1.009637457090382592e-02
1.077657065858370761e-02
1.144521212245963072e-02
1.208474924489613689e-02
1.268973561149091926e-02
1.326735016557640742e-02
1.383495304888755772e-02
1.441546509866769958e-02
1.503188267868727640e-02
1.570242422363523835e-02
1.643760849397247342e-02
1.724003483001598433e-02
1.810690220740854978e-02
1.903454891101596588e-02
2.002371103332984542e-02
2.108394300244010450e-02
2.223579836027709047e-02
2.350991558625322581e-02
2.494297238157638236e-02
2.657136520463672380e-02
2.842420841342874205e-02
3.051762106765112254e-02
3.285214813151510899e-02
3.541453167647248823e-02
3.818402134333339498e-02
4.114221783123107185e-02
4.428436848381436114e-02
4.762936734928945037e-02
5.122566606081289248e-02
5.515095607117923016e-02
5.950475219372378805e-02
6.439464802393544962e-02
6.991866673329021065e-02
7.614739623770103161e-02
8.311012621403671141e-02
9.078878320848196570e-02
9.912207793631554187e-02
1.080201502600259544e-01
1.173875382351956542e-01
1.271500514831096218e-01
1.372796551577801505e-01
1.478112134569063707e-01
1.588461107022881291e-01
1.705402582259936128e-01
1.830773699806322319e-01
1.966319457188759612e-01
2.113293045543326309e-01
2.272114919319336845e-01
2.442174275057445443e-01
2.621831776666225799e-01
2.808641224037958239e-01
2.999758820979750440e-01
3.192462914758218973e-01
3.384675878091124579e-01
3.575371838452571782e-01
3.764772767692495803e-01
3.954278212757877942e-01
4.146131782319865677e-01
4.342887353560373476e-01
4.546785704368518921e-01
4.759176197550489262e-01
4.980111974603598779e-01
5.208211675472784741e-01
5.440823829295302616e-01
5.674464716469100889e-01
5.905441612069499691e-01
6.130534142385537510e-01
6.347595469436083659e-01
6.555953935945797451e-01
6.756539557487345471e-01
6.951717883520558416e-01
7.144873116209259356e-01
7.339830310785334655e-01
7.540233625657336569e-01
7.748999721541404151e-01
7.967943956646843517e-01
8.197638230134598469e-01
8.437512418939502323e-01
8.686166262522052595e-01
8.941823713936618567e-01
9.202842568338557294e-01
9.468190207021306426e-01
9.737809615615027337e-01
1.001282393585150254e+00
1.029555696837374690e+00
1.058937573671013599e+00
1.089838520349523554e+00
1.122702207436203414e+00
1.157960371213055506e+00
1.195989019435482970e+00
1.237071376078962004e+00
1.281372152573910350e+00
1.328926513710854129e+00
1.379645538620435818e+00
1.433338089362151457e+00
1.489746871010752649e+00
1.548594277866366609e+00
1.609631668762350198e+00
1.672684387613628587e+00
1.737684542613076699e+00
1.804684580566190855e+00
1.873847135735968283e+00
1.945410299503493645e+00
2.019631842833482960e+00
2.096720268115108698e+00
2.176763984578287126e+00
2.259671561101987969e+00
2.345135331939879553e+00
2.432627451679361563e+00
2.521432166608787551e+00
2.610711445421151744e+00
2.699594429458997524e+00
2.787275814134167806e+00
2.873105513470865180e+00
2.956652612295705307e+00
3.037730826596727329e+00
3.116379848281018550e+00
3.192805707191236575e+00
3.267291829042432649e+00
3.340098902648445556e+00
3.411374444926195793e+00
3.481091273033564359e+00
3.549028162196463221e+00
3.614797000552236295e+00
3.677910732858692633e+00
3.737877613005475386e+00
3.794301812145973951e+00
3.846969538687739831e+00
3.895903686206396266e+00
3.941377633010543224e+00
3.983888246265528732e+00
4.024097039928623332e+00
4.062754640420635610e+00
4.100625821077430011e+00
4.138430089461586192e+00
4.176807026962330305e+00
4.216308060091466636e+00
4.257409240240334292e+00
4.300534848523251519e+00
4.346080391326392345e+00
4.394425915645448377e+00
4.445935598602489769e+00
4.500945550706560994e+00
4.559746780690823620e+00
4.622572699142252439e+00
4.689599595192889048e+00
4.760964441665918478e+00
4.836798377332019783e+00
4.917268104929318540e+00
5.002613155183269988e+00
5.093165964299791959e+00
5.189344564939757376e+00
5.291613885233982018e+00
5.400419690248271287e+00
5.516106992363393857e+00
5.638840159905912586e+00
5.768543364673781149e+00
5.904876818768896030e+00
6.047257041717445603e+00
6.194919829109009513e+00
6.347014994515495445e+00
6.502714718742756084e+00
6.661314296891958975e+00
6.822305991772567246e+00
6.985413072330355355e+00
7.150580285326149088e+00
7.317926613585212792e+00
7.487673794915330916e+00
7.660067884595760823e+00
7.835310404055316980e+00
8.013510859894465099e+00
8.194665255182441044e+00
8.378657856154225314e+00
8.565278058880140932e+00
8.754242161564707914e+00
8.945211519323638782e+00
9.137803091076472484e+00
9.331594045458960096e+00
9.526126797606215391e+00
9.720922860681673328e+00
9.915512348398351605e+00
1.010948115195446739e+01
1.030253112939763582e+01
1.049454215843977600e+01
1.068562075175299420e+01
1.087611966494204729e+01
1.106661703655101370e+01
1.125785132853289028e+01
1.145061787362535100e+01
1.164564179409150668e+01
1.184344811025450284e+01
1.204425138014815744e+01
1.224788370572711216e+01
1.245377216142722610e+01
1.266096645079454319e+01
1.286820725673241306e+01
1.307401765911200187e+01
1.327679589313374642e+01
1.347488834574114591e+01
1.366662666327053266e+01
1.385032084118496698e+01
1.402420930164261215e+01
1.418637529611509862e+01
1.433464498335821702e+01
1.446648552386056785e+01
1.457892179613348027e+01
1.466848919069293622e+01
1.473123938683135137e+01
1.476281797013743002e+01
1.475863708147171671e+01
1.471416651434111067e+01
1.462534363118193426e+01
1.448904330412555197e+01
1.430355416392845314e+01
1.406911380812435119e+01
1.378865533817248412e+01
1.346833523466368732e+01
1.311711059056896467e+01
1.274627154635906656e+01
1.237077120931547647e+01
1.200825599158930501e+01
1.167749654006361304e+01
1.139705182182622423e+01
1.118409849511106202e+01
1.105343110384308503e+01
1.101657733209145462e+01
1.108105127408923352e+01
1.124979624976849557e+01
1.152082600657191058e+01
1.188715478494392208e+01
1.233708573655428253e+01
1.285489984914030437e+01
1.342202787768175831e+01
1.401807112166752667e+01
1.462135628949309663e+01
1.521003514566120352e+01
1.576390835610106578e+01
1.626571945540289477e+01
1.670190949180859263e+01
1.706304960341261179e+01
1.734372560614694336e+01
1.754246149437098978e+01
1.766158327019755703e+01
1.770642589158129709e+01
1.768454505196745785e+01
1.760506628586922062e+01
1.747792200762898318e+01
1.731319870475096678e+01
1.712068988702703010e+01
1.690959378546296676e+01
1.668836429004162625e+01
1.646469757268349809e+01
1.624561120463377861e+01
1.603756824046493890e+01
1.584659541667724270e+01
1.567835423634996594e+01
1.553813812068986699e+01
1.543078598199656959e+01
1.536051903155546761e+01
1.533072114100213312e+01
1.534369233997903414e+01
1.540040965033469789e+01
1.550032982362348655e+01
1.564126537419480378e+01
1.581935918745798553e+01
1.602917428449551096e+01
1.626390428743095029e+01
1.651569729213166227e+01
1.677607236287041914e+01
1.703639555577209919e+01
1.728837351078042062e+01
1.752451921105398824e+01
1.773854751426893372e+01
1.792566713108642418e+01
1.808274903697078528e+01
1.820836612028036683e+01
1.830271240807578437e+01
1.836742044519066397e+01
1.840530154964635301e+01
1.842003615677455386e+01
1.841584143403489904e+01
1.839714195517571227e+01
1.836826708953414666e+01
1.833319580996663589e+01
1.829536532929960302e+01
1.825755390160670899e+01
1.822184040635975322e+01
1.818963487514533739e+01
1.816176639297593098e+01
1.813860933056175995e+01
1.812022663847565696e+01
1.810651008288104080e+01
1.809730108418731120e+01
1.809248098800587456e+01
1.809202492653099625e+01
1.809601812625013650e+01
1.810463737110062965e+01
1.811810353854460587e+01
1.813661393490998819e+01
1.816026554471926246e+01
1.818898187357592633e+01
1.822245617272109186e+01
1.826012198459772407e+01
1.830115808539231992e+01
1.834452956501794674e+01
1.838906100925009923e+01
1.843353269082857793e+01
1.847678726422455497e+01
1.851783312010674720e+01
1.855593118924479157e+01
1.859065417283455446e+01
1.862191042055817647e+01
1.864992863689356994e+01
1.867520409156912464e+01
1.869841186296306645e+01
1.872029749775132146e+01
1.874155962754832672e+01
1.876274160783352229e+01
1.878414922616326166e+01
1.880580842811179920e+01
1.882747100530722406e+01
1.884866820141761323e+01
1.886880372831891250e+01
1.888727045349253686e+01
1.890357046356774973e+01
1.891741720139734184e+01
1.892880104653642803e+01
1.893800554797925884e+01
1.894556955317577618e+01
1.895219948585870284e+01
1.895864471383717742e+01
1.896555601796107027e+01
1.897335142105632499e+01
1.898211407815347940e+01
1.899154301863956817e+01
1.900096941642784643e+01
1.900943976652223100e+01
1.901585474944868892e+01
1.901914113293330999e+01
1.901842631455453159e+01
1.901318299458214511e+01
1.900331580916404661e+01
1.898917195944182623e+01
1.897147202988693593e+01
1.895117247975008112e+01
1.892928463504511782e+01
1.890668374695091458e+01
1.888394409714167566e+01
1.886123175221954895e+01
1.883827617659586551e+01
1.881442736012742145e+01
1.878878898030055566e+01
1.876040329183961930e+01
1.872845270320062383e+01
1.869243854934240190e+01
1.865230061310776222e+01
1.860845134004198087e+01
1.856171481021236502e+01
1.851317941432315806e+01
1.846399099583470260e+01
1.841512606878826119e+01
1.836718954300846463e+01
1.832027680578091733e+01
1.827392679358727534e+01
1.822717370202536102e+01
1.817868455173414688e+01
1.812695268015926686e+01
1.807050728654025917e+01
1.800809853267739413e+01
1.793882616624036785e+01
1.786219473000449653e+01
1.777809616152998018e+01
1.768673651970793514e+01
1.758853393420135447e+01
1.748401747428810538e+01
1.737375133383990899e+01
1.725829734420737438e+01
1.713821461888974795e+01
1.701408197964861202e+01
1.688652028473602940e+01
1.675619034749412251e+01
1.662374854555228509e+01
1.648975528644591293e+01
1.635454819819708661e+01
1.621810795703873609e+01
1.607995538622143528e+01
1.593911994173839020e+01
1.579420992399641044e+01
1.564359444326846571e+01
1.548568005050172047e+01
1.531923723171154350e+01
1.514371101277447096e+01
1.495944237066049176e+01
1.476773696348293186e+01
1.457074470058516091e+01
1.437115311741011503e+01
1.417174082472114804e+01
1.397487403886817248e+01
1.378204969853973161e+01
1.359358661033377125e+01
1.340854033989334937e+01
1.322487282107056394e+01
1.303985338842160502e+01
1.285061631046779773e+01
1.265476287299673608e+01
1.245088256084059175e+01
1.223888167053097220e+01
1.202004642319749905e+01
1.179682336212643534e+01
1.157236059200477385e+01
1.134990594191095070e+01
1.113219060634818547e+01
1.092093154508226149e+01
1.071656114796334336e+01
1.051824316910658474e+01
1.032417022401574336e+01
1.013207435862180184e+01
9.939833007370198814e+00
9.746029865591156138e+00
9.550339799645801264e+00
9.353647379017990815e+00
9.157870932217576865e+00
8.965533646503651255e+00
8.779183474983407010e+00
8.600799797966837801e+00
8.431327949481499218e+00
8.270451978537865401e+00
8.116658852830399340e+00
7.967577724759165925e+00
7.820512831846000878e+00
7.673043762697078662e+00
7.523552679714518021e+00
7.371557484895925327e+00
7.217777520760342291e+00
7.063922256230480201e+00
6.912258015341249617e+00
6.765057934550348762e+00
6.624064613190606465e+00
6.490088381141128515e+00
6.362829125428027588e+00
6.240955147054054741e+00
6.122411840076305900e+00
6.004880521267287996e+00
5.886275673705571698e+00
5.765164308162079365e+00
5.641014479104370594e+00
5.514224833945456261e+00
5.385941854082385127e+00
5.257722301581296165e+00
5.131132679046401357e+00
5.007387087996327146e+00
4.887108193674777112e+00
4.770258509459937457e+00
4.656241779728107488e+00
4.544130106268755576e+00
4.432943480685185733e+00
4.321901687431879857e+00
4.210584618599490625e+00
4.098969808976697493e+00
3.987354830031305308e+00
3.876205243692476987e+00
3.765986675204351819e+00
3.657037913128457607e+00
3.549522653353113011e+00
3.443467721317603036e+00
3.338865285171626507e+00
3.235795271669323458e+00
3.134518192694573546e+00
3.035499157545703763e+00
2.939347157755019424e+00
2.846682250882864196e+00
2.757968228073908623e+00
2.673362218397321133e+00
2.592631303831843592e+00
2.515169789146558532e+00
2.440123640954195761e+00
2.366598037710853308e+00
2.293898230030027907e+00
2.221740212777134627e+00
2.150370412341100934e+00
2.080553032286646786e+00
2.013415907770700120e+00
1.950183121254075003e+00
1.891855665566014144e+00
1.838920834391079007e+00
1.791170275363160869e+00
1.747684088158333093e+00
1.706998164602878454e+00
1.667423662323981981e+00
1.627443819139842152e+00
1.586086896268994906e+00
1.543173741902423846e+00
1.499366393920778417e+00
1.455994412751737244e+00
1.414695465093323667e+00
1.376959639231662091e+00
1.343697617322595184e+00
1.314951321042424626e+00
1.289830960168757867e+00
1.266703040961888904e+00
1.243585723641624119e+00
1.218649852261015631e+00
1.190692526663105655e+00
1.159454577250994323e+00
1.125693135392056066e+00
1.090985211976288616e+00
1.057310388495923625e+00
1.026520838687306370e+00
9.998386105641956512e-01
9.775147164752603368e-01
9.587433072327367078e-01
9.418577444299729429e-01
9.247610515852192625e-01
9.054804321712083270e-01
8.827008124065108818e-01
8.561351263573349080e-01
8.266292206154967070e-01
7.959671221014661402e-01
7.664209624652621455e-01
7.401588521944110211e-01
7.186650467191745273e-01
7.023280677547597550e-01
6.903122252143427673e-01
6.807553553290719428e-01
6.712487770221647887e-01
6.594774132899061669e-01
6.438504112441296723e-01
6.239497993707637802e-01
6.006693778519585081e-01
5.759976309412867534e-01
5.524955724150899528e-01
5.326063503515438002e-01
5.179835188369028565e-01
5.090238360005616691e-01
5.047371388239211276e-01
5.029941468110709080e-01
5.010882591629751692e-01
4.964591629791528793e-01
4.873797381577673060e-01
4.734169447860014923e-01
4.555398365264448080e-01
4.358459412471589189e-01
4.169831180756059519e-01
4.014276458507850531e-01
3.907587555255416789e-01
3.217838439676993234e-01
