0.16084
0.17238
0.18300
0.19187
0.19869
0.20382
0.20814
0.21290
0.21935
0.22844
0.24059
0.25557
0.27256
0.29037
0.30772
0.32357
0.33739
0.34930
0.36002
0.37077
0.38291
0.39768
0.41584
0.43756
0.46232
0.48907
0.51642
0.54301
0.56779
0.59027
0.61063
0.62967
0.64861
0.66883
0.69153
0.71746
0.74674
0.77884
0.81269
0.84692
0.88018
0.91140
0.94007
0.96631
0.99084
1.01480
1.03948
1.06604
1.09525
1.12732
1.16189
1.19811
1.23486
1.27103
1.30574
1.33858
1.36968
1.39968
1.42962
1.46073
1.49416
1.53078
1.57103
1.61490
1.66195
1.71147
1.76270
1.81500
1.86803
1.92186
1.97698
2.03423
2.09463
2.15922
2.22886
2.30410
2.38507
2.47148
2.56271
2.65791
2.75619
2.85676
2.95911
3.06302
3.16863
3.27635
3.38673
3.50034
3.61753
3.73838
3.86256
3.98932
4.11759
4.24610
4.37353
4.49876
4.62100
4.73989
4.85555
4.96853
5.07959
5.18957
5.29915
5.40864
5.51791
5.62635
5.73299
5.83669
5.93640
6.03141
6.12157
6.20737
6.28991
6.37076
6.45165
6.53415
6.61941
6.70788
6.79928
6.89269
6.98680
7.08025
7.17200
7.26168
7.34972
7.43732
7.52629
7.61862
7.71606
7.81972
7.92973
8.04519
8.16430
8.28469
8.40391
8.51992
8.63155
8.73865
8.84218
8.94389
9.04592
9.15027
9.25833
9.37053
9.48622
9.60377
9.72095
9.83532
9.94477
10.04795
10.14450
10.23508
10.32128
10.40524
10.48927
10.57549
10.66545
10.75999
10.85917
10.96234
11.06836
11.17581
11.28320
11.38920
11.49277
11.59324
11.69037
11.78431
11.87561
11.96509
12.05377
12.14271
12.23284
12.32476
12.41863
12.51401
12.60983
12.70448
12.79598
12.88221
12.96122
13.03152
13.09228
13.14347
13.18580
13.22060
13.24956
13.27444
13.29679
13.31772
13.33781
13.35712
13.37527
13.39166
13.40565
13.41677
13.42478
13.42978
13.43212
13.43230
13.43085
13.42818
13.42452
13.41988
13.41409
13.40687
13.39798
13.38726
13.37480
13.36089
13.34606
13.33097
13.31635
13.30284
13.29095
13.28094
13.27284
13.26645
13.26140
13.25720
13.25337
13.24948
13.24519
13.24031
13.23475
13.22852
13.22169
13.21433
13.20653
13.19831
13.18970
13.18072
13.17138
13.16178
13.15207
13.14246
13.13327
13.12488
13.11767
13.11207
13.10842
13.10702
13.10805
13.11157
13.11752
13.12573
13.13590
13.14767
13.16057
13.17411
13.18774
13.20089
13.21297
13.22339
13.23157
13.23698
13.23912
13.23757
13.23204
13.22237
13.20853
13.19069
13.16921
13.14462
13.11760
13.08901
13.05979
13.03098
13.00362
12.97874
12.95731
12.94019
12.92807
12.92149
12.92080
12.92613
12.93744
12.95446
12.97677
13.00381
13.03487
13.06916
13.10580
13.14392
13.18258
13.22092
13.25808
13.29329
13.32586
13.35521
13.38088
13.40256
13.42007
13.43342
13.44276
13.44843
13.45095
13.45100
13.44945
13.44729
13.44567
13.44577
13.44879
13.45588
13.46802
13.48596
13.51013
13.54060
13.57700
13.61860
13.66425
13.71256
13.76195
13.81085
13.85781
13.90166
13.94164
13.97742
14.00916
14.03742
14.06309
14.08720
14.11081
14.13485
14.16000
14.18667
14.21500
14.24492
14.27625
14.30887
14.34279
14.37825
14.41574
14.45593
14.49955
14.54723
14.59933
14.65571
14.71570
14.77801
14.84081
14.90194
14.95914
15.01033
15.05393
15.08907
15.11573
15.13473
15.14764
15.15649
15.16351
15.17080
15.18004
15.19231
15.20796
15.22673
15.24782
15.27012
15.29244
15.31366
15.33294
15.34970
15.36359
15.37443
15.38207
15.38626
15.38664
15.38268
15.37375
15.35924
15.33862
15.31155
15.27791
15.23779
15.19142
15.13910
15.08108
15.01752
14.94852
14.87410
14.79436
14.70953
14.62005
14.52664
14.43015
14.33148
14.23139
14.13028
14.02806
13.92415
13.81753
13.70705
13.59175
13.47121
13.34586
13.21709
13.08714
12.95873
12.83450
12.71640
12.60510
12.49965
12.39745
12.29461
12.18665
12.06936
11.93976
11.79678
11.64165
11.47783
11.31037
11.14502
10.98709
10.84038
10.70639
10.58399
10.46967
10.35823
10.24390
10.12156
9.98782
9.84175
9.68507
9.52182
9.35743
9.19759
9.04704
8.90860
8.78262
8.66695
8.55756
8.44944
8.33767
8.21856
8.09026
7.95312
7.80943
7.66282
7.51738
7.37675
7.24339
7.11816
7.00026
6.88760
6.77729
6.66643
6.55263
6.43451
6.31186
6.18553
6.05709
5.92844
5.80133
5.67702
5.55610
5.43851
5.32368
5.21076
5.09884
4.98714
4.87508
4.76224
4.64837
4.53327
4.41683
4.29911
4.18041
4.06137
3.94301
3.82662
3.71356
3.60492
3.50121
3.40219
3.30680
3.21340
3.12013
3.02546
2.92865
2.83012
2.73145
2.63511
2.54398
2.46059
2.38653
2.32197
2.26557
2.21473
2.16621
2.11693
2.06475
2.00906
1.95097
1.89311
1.83898
1.79204
1.75478
1.72802
1.71053
1.69925
1.68993
1.67818
1.66049
1.63521
1.60291
1.56635
1.52967
1.49737
1.47300
1.45821
1.45222
1.45191
1.45263
1.44937
1.43804
1.41660
1.38553
1.34769
1.30755
1.26998
1.23891
1.21634
1.20183
1.19269
1.18477
1.17363
1.15575
1.12950
1.09552
1.05651
1.01646
0.97951
0.94886
0.92591
0.90992
0.89831
0.88741
0.87356
0.85414
0.82834
0.79739
0.76424
0.73270
0.70637
0.68788
0.56553
